8 200
//4
15 6 60 7
110 7 158 4
121 1 187 7
22 7 60 8
14 8 46 4
89 4 140 8
116 5 156 7
5 8 48 4
90 7 129 8
128 6 188 7
39 8 71 5
2 8 53 6
60 6 98 5
103 0 195 8
13 1 68 8
77 8 131 4
11 6 59 7
14 1 50 5
30 8 64 3
10 1 50 4
7 2 56 8
23 8 62 2
107 7 139 4
21 2 63 7
9 6 35 4
22 1 56 7
128 3 190 1
147 3 175 1
20 1 58 8
3 5 36 4
59 7 100 6
132 6 185 5
106 8 141 3
6 1 48 8
20 5 65 8
33 4 78 8
10 1 10 8
47 8 78 4
83 5 118 4
15 4 53 2
67 6 107 4
18 7 63 2
6 8 22 0
18 4 47 7
108 8 152 6
73 5 125 8
1 2 34 0
140 4 180 8
20 8 53 7
30 8 65 0
32 7 68 4
32 5 65 0
1 6 46 7
111 0 194 1
105 2 192 7
58 5 103 8
9 0 68 8
29 8 61 5
13 0 55 8
26 8 64 0
13 3 38 6
22 0 65 4
32 1 66 8
0 4 33 0
14 0 60 4
24 1 66 8
15 7 49 4
140 7 170 4
122 4 155 8
89 6 132 8
107 6 137 4
94 4 145 8
34 8 54 0
98 4 136 7
34 6 53 4
96 5 135 6
37 6 69 0
111 5 155 8
104 7 194 1
130 1 171 4
3 6 31 6
8 8 45 5
4 5 53 8
29 1 65 5
102 6 148 7
77 7 117 4
72 4 108 8
22 8 53 2
22 8 61 3
124 6 135 8
39 4 88 8
6 7 61 0
70 8 109 4
3 8 40 0
1 2 53 0
139 6 161 8
17 6 46 4
87 8 111 6
14 1 66 3
19 6 59 0
46 6 86 5
6 8 36 0
25 5 67 1
53 8 108 4
0 8 57 1
42 6 82 7
29 7 69 6
30 5 66 6
100 0 193 8
5 7 31 7
15 8 56 0
115 4 169 8
2 8 46 2
97 6 152 4
0 8 32 0
16 2 59 8
155 5 194 7
15 8 49 6
7 0 59 1
1 0 43 8
40 6 72 5
101 8 195 1
132 5 170 4
25 4 58 7
22 4 85 8
34 3 69 8
28 3 65 4
122 4 156 8
100 8 149 5
29 7 69 4
151 6 172 7
98 4 132 7
17 2 56 6
125 8 161 2
22 8 63 5
118 6 138 1
12 0 60 2
4 4 66 2
123 4 138 7
105 7 190 0
25 1 68 4
40 4 99 6
1 7 55 1
0 3 45 8
6 4 46 6
2 3 68 6
97 4 133 8
123 4 184 7
166 4 193 8
114 5 155 6
28 8 81 4
15 1 46 2
8 1 54 6
24 6 59 5
60 4 112 5
134 5 177 7
58 8 100 4
2 3 28 8
45 6 90 7
100 5 130 7
191 1 191 7
17 8 63 6
4 8 42 6
14 3 45 6
27 7 63 6
8 8 50 5
9 8 57 0
32 5 81 8
93 4 143 8
89 4 117 7
3 0 54 6
12 6 69 7
126 8 162 4
1 8 40 0
8 8 51 2
41 8 47 5
7 1 44 2
9 1 45 7
120 5 175 8
155 6 197 5
139 4 198 7
13 2 61 3
27 0 67 6
12 5 65 0
34 8 60 3
9 4 52 6
51 4 103 8
121 7 161 6
163 5 194 7
18 6 54 1
72 8 97 4
141 4 178 8
29 6 61 7
8 1 58 6
136 1 140 8
31 0 59 8
115 1 180 7
29 6 61 0
72 4 113 8
67 7 114 5
27 1 64 6
31 8 68 3
17 4 54 5
5 0 41 8
103 8 141 5
52 6 98 4
43 4 70 8
115 7 143 4
141 4 158 8
141 0 176 8
101 6 147 5
18 8 56 0
133 8 171 6
155 6 181 4
50 4 86 8
45 6 83 5
13 8 62 1
102 6 197 3
16 5 62 7
16 8 52 5
7 0 59 7
90 8 130 5
24 8 59 4
40 6 95 5
19 3 54 8
71 6 104 7
6 1 55 3
26 7 61 0
144 6 184 7
9 2 53 8
33 4 70 7
6 8 44 0
1 3 48 8
12 3 59 8
154 7 185 5
104 3 169 5
65 4 107 8
33 8 66 0
74 8 104 4
50 5 120 7
104 8 145 4
30 6 66 0
23 5 65 3
5 2 69 3
10 4 65 0
22 0 61 5
83 6 140 4
26 5 55 8
29 6 68 4
117 5 117 4
16 5 55 7
12 0 58 8
120 4 189 2
55 4 84 7
1 6 34 7
13 0 63 8
72 7 90 6
134 5 174 8
62 4 93 8
10 8 66 1
126 4 158 8
12 8 50 5
0 0 59 6
48 5 86 8
7 0 48 2
12 8 44 2
152 6 190 7
147 8 179 5
153 5 181 5
123 5 169 7
64 5 93 7
13 7 62 4
123 6 161 4
165 7 198 4
15 3 57 7
8 7 38 6
64 8 97 7
100 1 135 7
24 5 63 6
113 7 156 5
1 7 33 5
22 1 66 2
52 7 96 5
14 3 47 4
35 0 67 6
132 4 164 8
109 2 172 7
12 8 55 5
6 6 53 7
112 8 153 5
12 0 51 6
111 8 154 4
26 0 65 8
13 8 38 0
12 5 53 1
43 8 93 6
42 8 69 2
146 8 195 5
3 3 49 1
59 4 88 8
56 7 91 5
88 6 135 5
9 2 67 7
19 5 63 8
26 7 52 1
31 4 65 8
5 0 59 8
24 6 57 5
29 0 68 8
16 8 66 6
12 0 38 8
53 6 94 7
7 4 38 8
7 2 19 5
175 4 181 8
46 4 96 5
131 7 179 4
143 5 194 2
142 6 177 8
13 2 41 3
157 7 186 4
33 6 65 0
3 8 52 4
14 7 49 5
108 1 189 4
35 5 65 3
27 6 55 6
109 7 147 6
118 5 150 6
7 0 64 7
8 1 60 4
17 4 60 8
9 3 59 7
26 1 66 7
8 8 48 1
2 8 60 0
112 7 176 5
20 8 69 3
137 4 185 6
23 1 59 7
118 2 156 5
108 4 145 6
10 3 48 8
5 5 61 8
151 7 198 5
114 7 161 8
57 6 91 7
150 8 182 4
13 8 40 1
64 8 98 5
129 4 160 7
8 2 47 3
25 3 54 1
95 4 134 6
16 8 69 0
14 6 62 1
46 4 111 6
141 8 159 5
17 1 44 5
64 8 88 8
79 4 110 8
98 5 135 6
7 7 9 0
27 0 63 8
17 6 53 2
3 6 35 2
114 7 154 5
2 5 33 1
7 6 66 0
41 5 81 4
125 0 191 7
16 1 68 6
61 7 99 5
147 5 192 4
128 7 172 5
166 8 193 4
44 7 106 4
165 5 190 4
148 6 182 8
37 6 88 7
119 8 181 0
33 2 67 7
123 4 148 5
4 1 62 7
21 1 52 7
59 4 101 5
73 4 98 8
27 0 69 5
28 6 69 3
13 0 58 2
51 5 86 4
8 8 57 1
142 5 167 6
7 5 68 7
7 2 62 3
114 8 150 4
0 0 34 8
151 4 188 7
33 3 58 2
0 5 40 8
99 8 141 6
118 8 159 5
22 8 51 3
18 2 45 2
125 3 169 1
21 8 68 1
10 8 35 8
117 7 154 4
12 8 41 0
54 6 79 5
0 8 40 1
145 4 192 7
38 8 85 4
18 1 36 8
27 3 69 7
136 4 192 5
18 4 48 2
18 5 65 3
118 7 161 5
0 6 67 0
104 6 177 2
119 6 156 8
10 0 53 8
7 1 36 4
99 4 133 7
12 5 68 6
101 4 140 7
13 7 46 5
135 4 179 8
41 4 86 6
13 1 53 7
15 0 63 4
14 6 54 0
14 8 41 5
144 8 172 4
7 6 47 0
2 2 41 1
1 0 52 4
166 4 196 7
19 0 63 4
12 7 40 4
15 8 64 0
41 0 67 7
16 8 68 5
22 8 75 7
10 4 56 7
16 4 49 6
18 8 60 1
100 2 170 1
51 6 89 4
19 8 64 2
35 5 82 4
66 8 114 4
93 8 128 4
152 6 191 5
33 1 68 7
132 4 176 6
10 1 65 8
3 3 48 1
148 8 185 4
59 4 106 7
11 0 46 3
14 7 38 3
1 5 47 1
9 2 40 7
105 7 130 4
2 2 47 8
118 8 171 4
163 6 189 8
7 3 52 1
48 5 73 8
32 1 42 8
32 3 62 6
3 1 53 0
70 8 117 5
5 1 32 4
0 6 52 1
4 5 45 8
103 8 146 6
11 0 48 1
12 8 54 1
123 5 134 4
14 7 67 4
15 8 52 1
27 0 66 8
10 8 46 6
133 1 193 7
160 4 196 8
160 5 197 8
20 1 65 2
122 7 152 6
30 3 57 7
0 5 43 1
80 4 120 8
27 7 65 4
149 5 193 0
27 2 55 3
21 0 69 3
6 8 50 5
0 3 28 8
1 5 32 7
1 0 44 5
23 5 59 4
101 7 181 0
129 1 182 0
7 0 41 5
59 7 112 5
117 7 162 5
95 5 120 7
127 4 153 7
2 3 34 5
140 5 184 8
63 8 93 5
16 1 66 6
23 7 65 0
34 4 58 2
10 5 48 8
21 6 61 7
1 0 40 8
35 8 80 4
33 4 61 7
25 8 67 2
13 2 61 3
82 4 121 8
18 7 69 1
43 3 69 5
27 0 64 7
153 4 184 7
5 4 29 8
126 4 176 7
32 6 62 3
6 0 49 8
26 7 69 2
14 8 49 4
27 2 31 6
6 0 57 3
14 6 53 8
3 1 42 8
37 6 72 7
130 7 186 0
0 2 53 8
7 8 42 0
71 8 121 4
127 6 170 4
5 2 67 3
102 4 138 8
4 8 39 2
1 7 40 4
119 5 178 2
17 4 46 1
16 4 48 8
112 5 151 6
1 4 64 6
24 4 64 8
100 1 155 3
20 8 58 1
23 7 55 6
38 6 68 5
6 3 53 5
22 3 67 8
98 8 138 5
7 4 36 6
5 8 54 2
9 5 42 8
18 6 59 3
8 2 42 8
25 0 68 2
3 7 49 4
22 8 60 0
148 1 151 2
10 7 48 5
22 0 68 8
169 2 187 1
5 4 42 5
188 6 196 6
175 5 198 4
18 3 54 8
7 0 57 8
37 4 73 8
10 8 59 2
104 6 139 5
19 8 66 0
1 7 32 5
74 5 99 6
83 7 130 4
0 0 47 8
25 7 67 2
17 5 54 4
16 4 57 0
9 7 66 2
3 7 53 3
101 7 192 2
12 6 48 0
129 6 165 4
41 7 68 3
31 5 66 4
121 7 172 5
1 3 42 6
47 4 100 8
25 4 68 1
11 1 57 5
122 0 178 3
111 8 182 6
33 6 66 7
123 2 142 0
25 4 69 8
152 6 186 4
31 3 66 7
111 4 158 8
149 5 185 6
140 6 145 2
3 4 46 8
7 7 45 4
13 6 58 8
17 8 53 5
102 1 185 4
6 1 39 5
13 2 67 7
137 6 179 5
1 3 48 6
0 5 45 0
91 8 134 4
88 8 136 4
39 1 62 7
0 5 60 1
11 7 62 4
17 3 50 5
123 4 158 5
16 8 55 0
115 4 151 7
71 6 101 8
41 7 78 4
2 8 35 4
138 8 171 5
11 8 54 4
120 4 160 8
73 7 114 6
61 6 104 7
37 0 55 7
33 2 68 4
111 4 168 8
9 7 53 0
119 4 169 8
23 8 52 0
92 8 129 4
7 0 56 4
117 1 157 7
1 7 54 6
9 1 60 8
0 5 41 8
44 4 83 8
135 5 167 8
105 5 158 7
122 3 184 2
16 8 65 5
99 5 147 6
103 8 150 4
24 8 51 3
69 7 134 4
19 0 56 5
30 7 65 1
12 3 49 0
32 8 45 1
147 8 185 5
99 7 127 8
52 5 82 7
29 6 66 4
119 8 161 6
164 6 189 8
23 4 54 0
9 8 53 6
43 0 65 1
14 3 65 0
105 8 198 0
66 4 106 8
64 8 104 4
17 7 57 6
107 4 146 2
122 4 163 8
118 8 149 4
4 8 54 1
10 8 51 0
4 1 47 5
32 8 65 1
42 4 78 6
20 1 67 8
113 4 164 8
23 6 58 1
88 4 120 8
65 5 101 8
18 8 75 7
109 4 175 6
5 1 52 8
3 4 38 5
0 5 37 4
128 7 178 4
100 3 198 5
167 7 186 4
27 7 55 0
137 8 174 6
92 5 130 8
20 0 57 8
107 4 144 5
6 0 49 8
30 5 69 8
27 0 64 3
9 8 36 0
88 8 129 7
82 8 121 4
15 8 69 2
8 8 55 5
102 4 193 1
134 6 176 7
4 8 57 0
114 4 138 7
11 5 50 4
39 7 88 4
27 7 69 0
2 8 39 5
100 7 121 7
153 6 186 4
7 0 57 4
145 1 188 3
21 8 48 6
48 8 115 6
24 8 57 0
48 5 89 8
100 4 157 8
1 8 25 0
54 6 99 4
58 7 105 5
111 6 157 5
4 2 50 4
104 6 185 3
39 5 64 0
148 6 182 8
1 4 28 6
14 3 61 7
153 5 166 0
7 0 51 6
63 5 97 4
109 8 145 4
100 0 181 8
14 8 57 0
13 5 49 0
101 7 178 3
41 6 60 7
22 8 54 2
132 3 175 5
79 7 137 4
6 8 44 4
9 7 59 6
12 8 58 0
6 7 40 1
28 4 63 8
12 5 45 8
15 2 36 8
32 0 65 6
14 7 55 0
146 5 188 8
18 6 66 3
3 7 31 0
1 8 48 6
2 5 53 2
17 7 44 5
36 4 84 8
17 0 60 2
103 7 141 2
47 4 94 6
20 7 55 6
63 4 86 7
30 0 68 8
62 6 108 4
0 0 66 6
0 7 57 3
68 6 92 5
44 5 91 7
108 5 141 8
14 0 41 7
24 2 63 3
9 0 54 6
102 8 198 1
106 8 141 4
18 3 56 1
25 4 56 7
107 7 188 0
60 0 66 0
24 6 67 8
9 2 63 7
14 1 62 8
19 0 53 5
29 0 54 8
92 8 138 4
33 7 63 5
27 4 54 8
113 2 186 5
127 8 194 0
85 8 122 6
6 2 48 6
110 5 166 8
4 0 47 8
72 5 112 7
116 5 151 6
6 5 53 8
105 7 159 8
160 4 198 8
92 6 134 5
141 7 163 3
104 4 152 8
69 5 117 7
12 8 58 6
11 4 53 8
92 7 146 8
119 4 159 8
77 7 115 4
28 7 64 4
117 7 140 5
4 6 50 0
69 6 132 7
83 6 113 4
108 6 144 5
8 0 59 7
35 3 61 5
101 7 186 0
103 6 127 6
4 1 48 8
57 7 78 4
4 0 47 7
35 8 65 0
1 5 60 2
18 4 56 3
65 6 115 5
82 8 137 7
16 8 57 0
158 7 191 5
92 5 121 6
16 7 62 1
72 8 129 5
1 3 43 0
147 7 181 4
20 5 45 8
5 0 49 8
25 0 69 5
131 2 140 4
90 6 133 8
40 8 69 4
132 6 147 4
89 7 150 4
6 5 53 7
31 8 62 4
5 1 64 5
93 5 148 7
126 5 151 6
122 4 158 8
163 7 181 3
32 5 62 6
128 8 163 4
5 7 65 2
39 8 95 4
28 7 65 1
148 8 197 6
13 2 66 1
7 0 61 8
126 6 162 7
115 5 192 4
0 7 36 1
89 6 106 8
16 8 62 5
45 8 73 4
22 8 83 4
53 4 105 7
16 2 54 1
10 1 57 8
9 7 62 4
2 0 49 4
5 4 25 8
161 6 184 7
115 7 164 4
99 4 147 8
17 2 63 7
6 1 38 7
10 8 60 3
60 5 94 6
20 1 51 5
31 6 56 2
105 1 150 0
95 8 139 4
97 7 128 4
137 1 141 5
111 7 123 0
99 4 140 8
18 3 64 8
14 5 58 8
30 8 70 5
13 0 55 4
30 1 67 0
63 4 110 8
10 2 51 3
2 1 46 7
102 3 198 8
16 8 67 0
114 4 161 6
79 6 131 5
7 6 41 4
101 8 139 4
133 7 172 4
11 2 56 1
123 6 150 8
105 8 197 0
2 2 64 6
11 5 67 4
4 3 55 0
11 8 60 1
74 5 106 8
148 8 185 0
36 6 62 5
79 8 133 5
0 1 48 6
163 7 198 4
55 4 94 5
2 2 67 5
46 7 103 5
110 8 155 0
0 5 39 6
100 1 184 7
115 5 162 7
135 0 145 8
156 6 194 4
195 2 196 6
131 4 164 6
4 6 52 3
3 3 30 1
29 6 68 4
27 6 66 3
33 8 87 4
3 4 50 7
3 5 56 0
21 4 76 8
102 5 149 7
110 2 195 8
123 7 187 5
7 4 41 7
18 6 49 4
113 4 150 7
101 7 124 3
8 1 53 5
77 4 120 8
80 8 130 4
44 5 83 6
6 6 57 2
149 8 194 4
27 5 69 8
30 8 66 0
137 6 162 7
6 8 53 0
0 7 37 0
25 8 71 6
136 5 175 8
26 8 69 5
148 1 163 8
22 8 56 2
3 1 43 3
105 0 180 7
26 6 69 8
62 6 104 8
120 7 144 5
19 8 51 0
108 5 151 8
62 7 100 6
84 4 138 7
64 8 104 7
25 5 69 2
103 3 194 1
17 6 65 8
149 8 185 0
126 8 167 4
30 5 87 7
9 2 55 4
45 4 69 8
155 0 194 5
32 1 60 8
51 7 98 5
113 6 157 8
0 8 41 4
0 6 48 1
8 5 65 8
2 4 43 8
20 8 57 0
101 0 198 3
36 6 62 1
29 0 64 2
20 8 68 6
114 3 187 7
29 4 65 8
82 7 132 4
21 1 56 6
92 4 128 8
131 4 184 5
16 8 75 6
93 6 124 7
