20 1300
6 19 873 4
9 6 153 14
8 0 1183 4
1 12 878 8
18 3 868 14
11 13 821 18
17 17 65 8
12 0 592 15
1 5 1021 12
9 0 825 13
1 13 41 12
18 16 286 14
3 12 1074 6
7 17 1172 3
8 19 522 0
9 4 294 13
0 2 419 19
17 15 738 1
8 9 961 9
6 7 897 15
10 13 1208 4
9 8 574 19
0 15 1035 13
4 9 674 16
16 17 38 4
3 15 678 14
1 2 980 1
16 7 231 9
7 16 321 10
15 2 1272 15
7 9 41 9
2 3 1023 4
5 8 98 0
6 17 716 8
11 2 946 8
4 6 228 10
8 11 70 8
16 16 466 17
14 0 1147 18
9 17 345 19
2 9 584 18
19 12 1087 16
0 18 518 3
14 4 963 17
19 15 830 4
13 2 64 3
5 10 706 16
16 19 152 6
8 1 1164 11
16 16 1069 8
2 18 168 2
6 12 1226 6
2 5 650 4
5 14 291 3
7 9 729 8
11 18 1276 10
19 0 225 7
7 10 77 14
10 6 73 5
9 18 1092 13
18 7 605 0
0 6 885 3
1 19 673 18
6 13 889 2
15 6 1127 10
11 18 23 1
19 10 133 11
19 15 285 18
10 18 12 18
2 10 471 14
3 14 905 6
6 12 439 2
0 19 4 7
5 2 795 13
7 14 807 17
6 18 485 18
9 6 626 8
16 17 258 0
17 15 654 11
14 12 774 10
17 19 925 15
4 16 245 10
8 6 1176 15
0 8 192 12
14 18 40 6
17 7 56 14
19 3 492 2
11 4 398 14
11 18 952 13
0 16 293 9
7 1 1051 4
0 8 18 0
10 12 1250 5
5 17 1239 18
16 8 582 7
19 1 1067 2
10 3 549 2
5 13 639 16
8 13 973 9
14 2 547 13
9 15 983 13
8 18 713 14
1 15 876 17
4 2 249 15
14 12 799 14
4 11 1203 1
14 12 1057 9
19 11 860 14
3 10 71 18
15 15 280 17
2 0 975 1
1 8 48 12
3 4 675 16
0 3 617 15
11 7 980 13
17 10 687 12
15 3 375 19
5 15 510 7
3 14 1287 2
3 2 376 13
4 2 1193 9
9 0 189 2
9 3 757 9
15 0 1289 16
10 0 999 17
19 2 909 8
12 3 1239 5
1 0 137 6
10 19 571 5
7 11 667 14
1 6 57 9
2 8 830 7
4 10 1218 12
3 13 839 16
0 14 100 14
15 3 872 7
17 3 160 15
19 11 595 0
14 9 279 8
16 14 858 16
9 5 85 11
7 15 250 11
16 18 705 13
9 18 855 12
9 2 62 16
4 16 453 10
10 12 588 11
0 19 126 11
4 13 815 11
18 8 1153 14
0 0 178 1
16 13 111 2
13 4 985 8
18 15 1229 6
15 7 636 5
18 11 796 12
7 18 125 7
17 13 439 0
4 17 489 11
11 17 421 15
18 13 994 10
6 3 999 10
18 5 1126 3
10 0 721 7
16 0 578 16
6 2 1026 17
15 3 755 10
7 13 18 14
12 13 1081 19
11 8 232 12
15 8 18 9
13 12 678 4
4 7 719 6
7 2 25 9
2 11 327 19
13 18 754 11
19 4 437 19
1 7 1182 12
17 3 889 11
2 3 289 12
6 7 1051 5
16 13 1076 12
5 9 503 10
1 0 1011 17
7 14 546 17
8 16 1082 16
7 12 18 13
14 16 460 6
4 11 191 12
11 7 490 18
8 9 107 14
9 1 928 8
7 14 929 6
13 2 220 1
8 16 535 16
15 3 973 9
4 5 978 15
14 17 781 16
6 3 132 16
13 3 527 18
16 2 462 2
3 9 1201 4
4 18 890 5
19 5 729 3
15 7 929 4
12 19 600 16
1 15 265 0
6 14 1202 9
6 8 736 8
6 1 1003 8
18 8 479 5
10 9 281 8
13 14 1100 1
18 12 1035 4
7 0 595 17
7 16 603 7
13 13 712 13
19 12 872 13
13 10 1047 1
14 15 512 10
2 3 1230 19
2 16 638 3
17 12 1050 9
0 0 56 6
8 9 537 13
17 15 1206 3
2 4 41 4
5 12 1013 2
9 4 959 1
6 11 989 1
15 9 157 1
17 11 815 17
4 0 1224 19
4 8 1275 18
10 10 398 3
6 19 1098 13
19 14 960 4
10 14 972 11
0 1 644 12
11 19 1142 0
9 14 500 8
4 10 833 2
14 8 1293 6
17 1 529 14
12 1 413 0
12 1 283 11
13 6 68 16
5 12 431 8
19 7 754 15
6 2 726 8
5 2 759 12
15 13 268 17
4 0 229 8
6 7 126 19
10 9 609 13
7 4 897 11
14 11 797 18
13 7 172 11
5 19 723 2
19 4 994 14
18 9 668 9
15 4 765 10
11 10 670 13
18 6 724 7
9 10 1046 6
13 9 849 18
12 9 514 4
17 17 347 17
3 11 820 15
0 5 820 11
16 13 1076 18
13 3 1015 3
9 3 305 6
3 13 1156 15
4 18 571 9
18 4 930 11
7 5 914 17
15 13 1235 5
8 18 886 4
12 13 956 7
2 0 109 8
14 6 1180 18
5 0 1151 18
0 2 809 6
6 13 1297 12
10 4 1219 17
9 4 12 9
11 4 286 19
12 15 38 9
6 5 1087 5
5 13 162 6
9 6 1239 0
16 5 986 12
12 19 158 16
12 18 504 10
15 15 373 7
10 6 1233 8
11 9 460 5
6 18 955 11
9 17 808 8
4 19 52 0
10 13 1281 19
12 8 1080 2
7 6 901 12
14 19 234 19
18 11 178 15
13 19 1055 3
2 18 316 2
3 17 920 17
11 19 1116 0
7 5 1296 11
11 18 1010 4
6 7 756 19
10 9 27 14
6 12 569 18
10 13 1199 14
9 0 493 19
7 8 200 13
3 3 261 6
12 6 1256 17
19 14 207 3
15 6 158 10
1 5 13 2
16 7 1053 16
14 0 49 1
10 13 903 5
10 4 1162 11
0 18 907 14
8 12 1297 1
5 16 875 19
13 2 260 12
9 15 894 13
2 1 116 4
1 17 1130 1
16 2 1164 1
14 19 1279 3
11 5 311 18
17 11 1078 5
7 14 986 19
11 9 1086 0
16 10 123 0
3 8 506 15
15 10 147 1
15 4 1144 9
2 4 495 5
2 11 875 8
7 7 1262 9
8 14 1173 16
13 5 1209 16
16 19 1133 12
17 16 662 14
17 10 778 2
2 11 809 11
9 9 898 17
9 4 589 19
8 14 763 11
1 9 179 5
12 5 669 9
12 0 89 6
15 8 37 0
19 5 28 16
16 16 1251 3
13 0 114 13
5 16 1048 9
3 1 261 7
16 10 796 17
1 18 6 2
17 15 525 5
12 9 921 3
1 1 410 18
2 0 410 6
5 4 872 0
17 3 654 9
7 3 852 8
15 10 1222 9
7 6 486 3
14 1 520 13
11 15 239 18
17 13 720 7
11 15 1255 9
13 13 939 0
2 12 999 10
17 19 503 17
2 17 280 9
9 19 619 6
19 15 562 3
14 17 1277 19
4 16 534 17
16 16 1163 11
11 19 963 3
18 3 200 19
17 17 1252 3
9 4 481 5
7 12 1179 5
5 13 577 3
14 11 591 15
14 0 558 19
0 19 507 16
15 0 703 14
0 5 864 14
10 12 1292 15
9 2 1202 17
1 1 935 7
7 17 443 19
10 18 382 4
12 13 658 7
4 16 665 4
0 1 733 12
7 11 644 0
5 2 1299 13
8 9 1195 15
11 13 890 13
14 11 156 6
0 15 210 10
5 5 161 14
12 14 539 3
10 13 70 11
5 3 15 15
16 12 978 18
4 8 453 13
16 10 19 8
14 17 86 4
5 4 1208 3
12 12 915 14
17 2 638 13
19 2 140 18
13 8 1160 4
12 9 426 19
9 14 372 15
4 17 1041 13
5 6 193 9
17 2 671 1
4 6 1215 18
14 10 711 14
1 0 964 3
18 0 539 0
0 7 466 10
18 14 153 1
9 17 405 1
17 0 1065 16
13 8 1033 9
19 3 352 4
2 19 1026 9
7 2 510 19
3 12 795 10
6 17 753 8
5 14 207 6
2 18 1131 3
10 2 1022 15
1 18 1220 10
2 2 1119 11
17 10 1296 7
12 19 535 15
18 4 1021 3
13 0 53 5
12 13 715 18
8 18 999 8
0 14 857 14
19 18 1251 8
6 9 1186 2
12 14 735 9
9 19 1237 1
4 17 47 14
5 1 427 6
11 6 178 15
16 8 920 14
17 5 673 5
5 2 42 16
11 19 598 11
4 16 725 1
19 16 130 12
3 12 833 18
11 4 675 13
9 11 1214 0
14 16 270 18
15 14 334 7
12 12 825 9
1 10 445 5
2 0 1205 16
9 1 535 10
4 5 693 10
16 11 197 3
12 7 893 14
11 16 77 12
17 14 40 5
14 10 501 17
17 19 1069 18
0 5 1271 14
5 13 1101 17
12 13 299 16
12 14 543 14
17 16 746 8
0 17 882 9
15 14 33 15
19 11 1054 1
6 6 859 14
11 12 386 7
2 12 846 5
10 5 487 14
9 19 615 2
18 1 75 10
6 6 1133 16
13 17 975 18
17 12 969 18
10 2 1061 7
0 13 360 16
6 0 470 1
8 12 1111 14
3 6 524 3
1 9 837 1
7 14 873 1
1 2 784 19
17 3 1186 3
0 15 767 3
15 14 923 4
1 15 533 12
6 7 877 9
7 19 797 1
5 0 175 5
4 16 280 4
6 18 1243 8
18 6 821 4
18 13 107 3
8 1 811 8
4 10 617 4
5 16 1121 0
7 8 1053 3
12 10 1108 4
7 17 43 1
16 7 537 18
3 7 854 9
5 18 960 11
5 2 173 19
17 18 201 10
4 14 729 19
4 17 190 13
5 18 108 4
12 18 46 5
14 2 1199 7
5 4 980 19
1 18 960 11
1 10 809 7
9 1 1008 0
1 5 421 11
19 19 158 10
9 17 1018 6
2 0 1102 1
19 18 250 10
12 7 439 8
0 14 82 7
10 3 889 3
17 5 1073 8
7 2 970 14
0 10 532 3
5 10 224 2
15 9 1176 7
5 2 101 9
15 1 710 3
3 3 1201 16
10 9 766 17
19 8 272 2
15 5 1172 10
1 8 73 7
10 7 165 6
13 5 675 3
9 16 830 6
7 8 783 10
15 18 940 15
0 18 391 11
12 9 593 17
15 6 464 4
7 7 117 11
4 9 1160 10
18 10 578 4
12 12 777 18
17 15 1091 1
2 6 360 16
18 10 1189 2
2 8 1010 8
10 2 1152 6
18 14 33 1
14 8 319 13
8 13 1111 16
11 4 1011 19
9 17 790 11
14 9 531 1
16 18 158 8
12 15 478 4
18 0 918 5
18 8 1263 13
8 12 562 7
9 6 1284 5
12 10 1001 5
7 13 619 4
15 15 572 3
19 11 411 0
2 11 302 5
17 13 344 0
11 5 693 4
15 8 398 3
4 19 463 17
5 10 497 8
4 17 350 19
13 5 843 13
12 6 501 7
11 12 1144 11
15 9 377 14
2 7 1153 5
17 11 301 12
8 5 1185 14
3 11 985 13
2 13 1150 17
5 19 768 5
16 0 876 8
10 13 46 10
1 10 693 4
10 18 11 13
1 10 475 4
19 16 1180 0
16 4 840 0
4 12 7 3
1 6 1205 17
1 0 1067 0
12 2 878 11
1 15 79 14
3 3 31 0
2 1 232 10
1 17 570 0
15 3 1029 2
13 8 337 9
11 9 1209 0
7 2 980 2
9 11 1135 9
6 19 1077 13
18 14 292 16
16 1 1218 18
0 2 418 2
5 9 1146 0
18 12 175 17
15 18 975 9
13 11 528 11
18 3 669 12
16 16 1274 1
13 11 97 11
0 14 75 15
19 2 1219 10
4 8 585 4
7 7 152 0
6 9 402 0
4 13 1259 19
8 17 502 3
9 16 835 6
19 4 488 12
13 6 227 16
18 15 156 12
8 12 1121 7
11 18 862 11
19 12 699 11
1 14 1269 15
3 14 853 7
8 18 76 2
6 6 932 16
16 19 152 18
4 5 39 7
14 14 703 8
7 9 730 17
8 18 742 12
11 12 989 18
9 17 944 12
3 17 861 12
14 18 476 14
5 15 1086 10
17 9 806 13
13 7 474 16
17 7 1126 16
2 15 544 11
8 9 1239 15
2 19 361 19
3 18 1277 16
2 14 259 6
5 3 791 4
12 11 592 12
8 8 797 16
15 17 123 18
6 9 390 3
17 1 30 5
12 16 298 15
12 17 548 18
18 3 281 1
8 8 252 13
5 16 898 11
10 2 968 4
18 11 720 12
8 18 879 10
1 8 644 16
2 12 1015 10
19 15 576 1
13 6 231 19
11 1 1014 6
15 9 1060 0
10 6 486 13
13 7 1008 3
14 2 655 2
4 7 334 18
18 17 1198 16
16 6 743 3
7 9 548 1
3 2 684 9
8 17 815 7
2 3 225 10
19 2 657 18
18 7 222 7
13 7 76 6
0 19 877 3
5 10 228 11
5 10 862 9
17 17 224 9
14 14 537 1
15 0 313 12
0 8 612 12
13 15 976 2
5 18 566 9
13 14 876 10
13 8 872 4
9 11 385 16
18 5 254 15
11 7 1133 11
11 4 539 12
17 2 498 5
0 14 880 8
18 2 993 19
0 12 324 16
7 17 789 12
0 11 243 4
15 17 225 12
14 18 1174 17
11 5 1173 19
16 16 1037 0
10 6 61 17
8 15 956 18
1 4 120 0
18 13 536 8
11 8 278 3
2 15 299 2
13 6 254 7
17 18 879 9
7 6 676 10
15 9 659 3
5 12 159 13
16 2 633 7
2 10 1008 15
6 13 584 19
4 14 668 10
15 11 704 8
6 2 766 14
13 8 868 18
12 1 806 7
12 18 1222 10
13 1 1014 17
18 16 883 17
4 1 276 16
3 12 714 11
6 1 269 15
16 6 973 7
17 3 880 14
8 14 475 11
8 6 577 9
2 11 39 6
17 14 710 4
4 3 1091 4
1 1 492 7
2 11 901 14
10 6 446 5
7 18 876 0
7 13 576 2
2 2 1227 4
10 15 1000 3
10 8 1017 2
13 1 1013 6
11 10 1119 15
17 9 1103 4
18 16 878 8
14 14 1047 1
19 17 897 14
0 3 1037 16
18 10 274 17
11 12 320 14
1 3 1057 15
11 14 663 9
7 14 971 11
16 1 412 6
12 1 312 0
11 9 859 16
19 9 449 13
3 11 518 13
6 7 150 16
16 15 732 10
8 16 448 1
14 2 844 0
14 6 1068 10
15 7 698 7
13 6 253 18
0 19 791 15
9 1 1210 16
8 2 891 15
12 9 785 11
4 5 6 16
11 11 449 8
3 7 95 9
16 8 868 9
7 6 130 5
14 2 797 18
10 9 1231 10
8 13 346 11
10 5 1279 14
7 15 9 12
1 2 998 1
9 3 837 8
5 13 1207 3
18 1 139 18
19 17 558 13
7 13 276 15
8 0 1258 5
4 2 990 1
3 16 866 8
15 16 336 5
15 4 71 1
8 6 1100 0
15 14 396 12
1 4 409 10
17 8 936 2
14 12 1281 12
13 17 136 5
14 14 848 11
4 3 1054 10
0 14 572 8
6 12 742 0
18 2 510 4
2 2 668 12
9 14 646 11
1 17 347 13
6 14 567 10
7 10 619 19
2 0 1151 3
11 11 299 13
3 0 640 13
11 3 1268 17
16 1 340 18
13 4 379 8
12 19 792 15
7 4 279 16
7 13 73 0
4 3 188 15
15 14 349 17
7 17 560 19
3 9 1272 17
11 18 254 9
19 10 259 8
9 19 841 0
18 4 266 6
15 0 425 13
2 14 251 5
4 5 9 2
7 8 1064 13
5 14 437 1
16 14 472 6
17 17 366 12
19 13 330 11
9 1 541 0
0 6 1112 15
16 11 279 19
3 8 101 8
19 10 271 0
17 11 263 14
10 0 737 15
15 9 141 11
9 12 88 0
6 6 782 5
0 15 1009 6
7 5 599 4
15 4 997 2
8 18 692 19
13 2 1059 2
9 7 315 8
5 15 723 4
19 5 987 18
8 5 587 19
16 2 362 4
7 6 102 6
16 18 491 5
11 8 303 5
13 4 400 11
7 7 354 1
0 15 917 6
15 16 150 5
1 19 1030 12
12 2 676 16
18 7 548 4
5 11 458 16
7 11 36 17
4 13 564 10
3 13 666 6
10 2 402 13
10 17 591 16
14 9 371 10
16 18 867 9
10 9 47 10
4 12 784 9
12 19 922 1
10 2 1224 4
17 5 718 2
11 3 402 17
9 3 584 10
4 19 745 14
9 11 1163 4
15 8 1182 15
14 2 35 11
4 11 678 10
12 11 195 9
1 6 365 17
0 8 1090 4
2 9 1148 9
13 12 1026 17
12 10 911 19
11 10 1071 11
10 15 1251 6
3 10 948 18
6 8 161 14
12 12 598 6
8 12 573 5
11 10 299 14
4 3 144 17
12 3 608 19
10 10 857 14
17 11 1022 1
17 12 347 19
5 3 304 2
12 12 256 2
7 0 486 15
18 2 203 17
14 12 135 4
14 13 691 17
12 14 1256 13
7 4 401 16
19 17 1011 12
9 10 901 16
0 13 528 16
2 11 693 4
4 7 919 17
18 19 597 0
2 3 1095 10
18 16 1189 13
2 14 668 14
8 2 329 3
12 3 33 8
12 15 563 9
5 11 702 7
16 1 50 5
11 14 570 18
17 4 473 18
5 5 1062 6
8 7 174 0
9 4 412 15
9 18 819 19
12 11 1052 18
14 14 588 5
9 11 326 3
4 9 650 19
5 4 617 4
17 17 1169 13
8 14 942 19
16 18 779 12
6 5 318 6
19 10 190 17
6 10 643 2
4 15 1069 9
18 1 270 9
15 0 323 4
9 19 1186 18
13 5 1181 16
11 11 475 2
8 18 160 12
15 11 1136 6
8 9 637 19
0 9 633 13
18 17 726 8
3 12 945 13
12 7 827 1
6 2 228 3
3 13 718 18
0 5 745 8
0 19 605 1
14 16 549 12
11 12 1156 13
15 9 706 3
6 11 732 8
13 18 697 8
2 12 1280 19
1 2 323 4
0 5 735 15
6 10 1223 17
17 4 915 15
13 6 282 9
2 9 1151 10
6 11 1281 18
5 18 1158 7
5 8 350 1
9 16 865 17
2 15 698 9
5 1 77 10
13 7 1192 11
9 14 934 6
6 1 284 5
2 15 380 15
6 0 585 16
18 8 1025 7
6 19 415 8
6 12 628 19
19 11 97 8
5 13 787 12
0 8 16 8
11 16 962 13
6 10 24 1
11 0 474 2
0 10 154 1
11 0 1106 1
6 4 252 9
4 18 1064 16
6 16 434 4
3 4 1124 7
5 11 124 7
5 4 1143 13
18 4 1170 1
3 1 1225 16
19 17 1026 6
13 10 224 18
6 0 1132 17
19 8 358 12
17 17 1169 11
11 16 870 11
1 8 303 15
11 4 631 8
6 1 902 6
1 5 807 7
5 2 978 10
5 11 60 4
0 12 1246 1
5 2 170 14
5 8 742 16
17 12 1167 13
15 17 1269 18
19 13 493 9
11 12 899 16
19 10 695 15
4 10 732 12
7 11 735 2
6 2 106 8
16 2 645 15
2 10 959 14
3 13 417 10
8 0 1072 3
8 15 377 14
10 10 274 5
10 13 569 1
8 16 372 15
9 5 544 3
6 10 35 13
5 10 1161 9
3 4 1256 2
17 13 1047 19
9 4 1037 4
9 15 1004 12
18 4 340 0
6 13 670 11
12 10 145 0
2 2 412 14
5 13 724 2
1 17 457 12
16 7 1040 0
16 10 1247 16
9 3 825 0
9 7 1222 13
12 6 1159 10
16 9 402 13
18 15 47 15
0 10 844 8
14 1 268 6
11 9 920 8
17 9 196 18
1 3 928 16
18 6 202 1
10 13 99 10
6 14 518 0
2 17 170 7
4 12 569 9
7 4 518 4
9 6 44 11
11 7 1296 8
5 10 1268 10
17 0 1095 10
12 6 241 6
12 4 56 1
10 5 670 19
11 4 765 12
19 18 1190 19
6 13 433 5
14 13 609 8
19 14 182 4
18 15 203 13
9 14 815 11
3 8 935 13
4 9 541 16
1 4 77 1
2 13 117 12
5 9 216 5
7 6 188 15
10 5 496 12
1 16 193 7
1 10 1 5
12 9 847 0
12 2 197 14
11 18 1143 7
6 16 342 10
5 0 985 1
8 3 49 0
4 13 664 15
10 12 1136 12
17 14 205 1
12 19 508 18
2 16 223 12
5 16 1278 3
14 17 317 10
10 11 154 16
19 18 910 17
3 9 727 4
7 12 1292 18
16 18 184 13
6 12 1173 2
5 11 405 15
12 13 817 4
11 15 422 18
17 14 437 11
12 12 166 18
16 18 1196 15
2 9 497 2
3 9 981 1
11 10 458 19
18 10 795 16
2 9 1173 11
11 9 691 1
0 1 486 9
6 4 69 12
4 14 304 9
1 0 1219 13
11 5 62 10
13 14 1020 7
16 3 844 2
11 8 482 17
4 11 263 2
8 3 1203 9
15 14 992 4
1 0 200 18
5 0 21 17
7 5 1096 4
12 6 463 9
3 10 921 16
17 8 304 4
6 14 255 10
2 17 478 9
2 1 706 1
0 7 354 16
19 5 775 15
4 18 557 13
2 8 719 15
16 14 1214 8
5 10 967 16
19 3 593 16
8 16 442 1
10 10 709 11
5 5 634 12
18 3 1227 14
13 9 398 5
16 14 596 6
12 10 576 5
4 8 250 11
8 16 624 5
1 9 639 17
9 2 515 7
15 13 508 7
2 1 737 5
12 5 671 13
7 2 1055 11
10 0 693 16
1 10 568 11
0 3 9 12
12 6 1263 16
15 16 1077 0
19 17 1035 6
15 9 1246 15
6 15 1062 1
5 3 1089 15
11 1 663 3
12 6 503 8
1 5 947 8
10 7 973 15
4 4 718 5
10 3 486 17
6 8 126 15
16 0 1011 18
2 1 1075 11
4 1 912 1
9 18 233 14
7 12 1101 14
15 18 741 15
16 7 542 18
10 13 1052 1
16 13 386 3
11 3 413 4
7 19 1168 10
18 9 303 5
8 13 1293 2
6 16 564 9
15 13 195 0
2 19 1158 4
6 12 506 6
5 10 506 15
14 13 827 10
14 7 819 19
7 12 808 2
16 6 99 17
1 16 129 15
19 2 618 6
4 11 561 1
16 19 88 7
4 4 568 2
1 15 187 12
4 15 398 7
6 7 1138 13
11 18 1086 13
0 1 910 5
14 0 1052 13
17 9 468 4
12 6 1268 10
9 13 1045 18
1 11 360 1
2 11 765 0
17 2 361 4
9 16 864 16
14 0 153 9
3 16 87 6
9 8 294 1
12 14 539 14
12 12 781 4
6 19 476 18
3 3 656 13
6 11 383 3
10 19 856 19
14 9 1067 9
16 14 307 16
17 6 96 9
7 6 1050 15
6 10 791 12
12 10 387 11
4 15 462 18
15 1 645 16
18 3 750 5
13 16 994 11
8 19 623 6
11 13 251 18
4 8 542 4
14 12 248 19
18 8 467 6
9 2 1062 16
8 3 1058 15
12 5 708 5
14 3 998 13
3 1 715 15
2 18 1133 4
11 7 980 1
4 17 825 9
15 18 1118 18
15 0 941 17
0 19 536 7
18 14 152 14
14 2 767 8
19 15 520 2
4 4 489 12
11 2 1015 17
19 4 163 19
7 6 94 5
10 0 63 1
12 3 1136 13
11 0 370 13
4 0 643 16
0 19 387 17
2 8 1027 1
7 18 873 6
13 10 80 6
6 18 789 6
13 2 608 11
3 14 1173 0
7 16 650 9
9 4 805 8
1 10 720 5
16 14 905 12
8 19 497 4
4 19 1217 3
3 4 439 10
14 14 607 11
6 15 973 18
9 11 748 12
16 4 42 1
9 10 242 9
12 6 960 0
19 5 259 8
4 8 193 4
11 2 517 10
4 18 1029 1
17 11 375 14
4 11 1061 13
8 0 1134 1
17 2 752 16
5 6 764 4
16 11 670 8
4 15 110 3
18 5 580 4
8 6 359 17
16 6 1093 10
11 17 294 11
4 4 387 10
4 19 548 0
1 16 670 14
15 9 847 16
19 6 587 1
4 3 1223 3
16 18 657 6
15 18 380 8
12 15 188 13
9 16 1114 4
17 19 297 18
9 4 175 17
15 15 594 18
11 17 416 14
17 6 567 19
16 13 716 3
13 19 131 17
7 13 610 19
3 13 694 16
2 12 1111 4
14 0 114 6
10 5 1057 18
10 2 194 8
14 7 773 1
19 13 1248 18
16 1 1250 10
12 1 1247 13
1 1 938 7
13 12 1121 5
17 16 215 4
7 15 1134 9
16 7 1140 2
19 8 1147 12
18 10 287 12
11 8 368 8
15 7 929 18
11 7 897 4
4 4 574 4
0 1 991 10
3 15 960 14
0 4 200 3
14 7 676 7
8 1 871 12
13 2 1036 10
12 18 272 9
14 6 309 10
10 14 345 4
19 6 670 12
3 18 539 12
8 19 90 16
7 0 761 15
14 7 16 17
12 8 928 18
0 10 524 9
8 16 513 5
0 11 577 0
10 6 124 14
3 0 256 14
0 10 302 5
15 2 655 1
0 6 539 10
2 4 636 6
6 3 825 3
2 16 158 8
19 6 1063 5
13 8 1159 19
0 14 334 0
12 3 972 3
11 18 1027 1
16 7 257 16
4 14 1006 9
0 7 1008 10
9 12 660 1
4 8 1270 8
10 5 1297 9
17 14 865 14
14 19 358 15
9 5 754 1
3 13 1128 15
15 9 768 10
5 4 1267 14
5 8 175 1
15 10 1283 1
12 5 1249 10
19 3 58 0
15 5 940 6
2 5 787 17
7 3 1089 18
5 17 908 8
7 8 90 1
13 17 641 19
5 5 489 10
4 10 153 5
16 6 890 2
1 13 432 12
0 11 732 0
8 15 763 0
8 12 36 4
14 15 437 19
18 6 156 3
4 16 89 12
13 2 537 7
17 10 609 2
17 18 117 1
15 11 560 12
14 0 568 8
6 15 292 13
13 4 967 16
12 2 81 11
9 3 552 2
1 19 107 13
7 12 79 8
11 12 1099 10
18 12 551 7
11 6 479 9
7 11 233 14
10 8 632 1
10 6 1260 10
17 4 1115 0
18 17 1046 14
5 15 521 5
4 8 569 2
15 19 160 3
16 11 303 17
16 8 540 14
18 3 560 12
14 10 279 15
2 8 319 2
16 7 952 17
12 15 337 12
5 6 1172 8
4 3 960 13
2 1 216 2
18 10 961 8
2 0 436 6
19 3 170 14
17 8 461 7
1 11 792 10
14 8 148 10
10 13 201 9
6 8 248 9
2 11 18 10
3 10 1083 5
4 8 398 8
7 11 1224 9
8 2 837 4
8 13 1150 3
16 12 441 1
6 3 68 16
5 10 916 17
9 13 1070 4
18 17 391 12
2 7 1070 9
5 9 80 10
17 11 1036 10
0 15 337 15
1 14 976 6
12 15 626 5
2 5 843 4
9 16 1263 4
6 17 565 13
4 9 98 7
12 16 1172 4
2 7 493 17
0 4 151 6
0 5 789 0
0 17 652 16
5 18 1231 6
19 0 635 3
4 12 667 7
6 12 1000 15
0 12 1267 16
5 17 743 14
2 6 89 12
18 9 907 12
9 8 830 2
10 4 138 14
3 7 362 0
14 10 1034 4
0 3 194 7
14 9 1227 14
13 12 245 9
5 17 455 0
10 4 713 9
14 10 860 11
15 2 564 4
16 10 728 12
7 2 980 11
3 17 839 8
12 9 637 9
19 14 899 0
8 19 831 11
0 9 767 4
5 0 861 3
16 5 1205 2
14 16 17 5
10 13 1211 5
6 15 74 6
18 8 393 4
19 17 661 4
7 10 525 14
12 3 1071 3
19 10 260 10
6 2 75 13
13 4 635 6
12 7 816 13
14 2 632 17
19 17 810 19
18 16 236 10
18 2 541 2
0 13 703 12
10 8 879 19
11 18 164 2
6 1 902 9
5 4 47 17
11 17 1108 9
0 8 986 19
9 12 149 0
11 15 533 16
8 19 591 14
13 12 1024 9
15 1 437 19
13 11 880 10
12 0 87 1
10 5 1154 1
18 3 283 11
8 4 1022 15
1 14 819 9
17 1 224 7
13 7 728 18
9 10 486 3
18 17 704 13
10 19 795 12
8 17 896 13
16 7 1185 3
1 7 466 13
1 13 872 8
10 7 1132 0
14 17 1069 16
17 18 1183 14
15 2 779 16
9 3 100 10
10 0 1068 6
15 12 225 6
16 1 1176 4
15 9 452 11
2 17 1065 14
8 5 1215 15
6 0 241 6
7 6 710 8
2 11 1138 7
13 10 483 7
19 16 777 4
19 4 1241 19
15 17 377 3
5 3 1064 14
1 10 508 9
3 8 1030 12
9 1 115 10
9 18 757 5
9 11 49 11
8 10 1106 10
12 18 283 5
6 8 451 16
2 6 830 16
17 10 729 17
10 10 1267 3
8 10 1003 12
2 13 489 0
12 5 584 9
14 11 290 3
16 8 84 12
16 11 1230 1
1 12 59 1
13 4 226 14
2 19 535 3
13 9 14 19
8 7 590 3
4 0 702 17
18 3 342 15
16 10 1064 11
18 1 515 9
15 18 116 16
18 12 144 19
10 0 1054 14
12 14 217 18
2 14 839 19
18 17 50 13
13 6 792 3
10 3 142 5
10 13 417 12
13 15 516 8
13 12 562 5
16 19 337 19
8 9 1025 5
18 6 183 14
11 4 138 15
11 17 31 12
16 7 789 13
11 7 1235 5
15 16 1255 7
3 6 401 14
11 7 224 3
19 5 1154 17
6 19 70 17
1 6 899 15
5 8 716 5
4 12 658 7
16 3 871 1
6 3 1069 18
14 2 41 6
12 12 1142 14
7 11 1192 15
10 4 1137 5
7 14 1134 19
4 17 269 18
13 9 724 2
1 18 10 8
17 2 474 5
3 5 356 3
1 5 112 19
4 5 514 12
12 8 551 8
10 0 787 17
9 7 64 18
8 15 40 15
13 10 84 15
18 2 483 6
8 16 398 0
12 14 157 9
19 7 324 2
12 15 180 13
9 1 625 1
6 13 682 16
0 2 907 11
6 13 332 12
16 8 86 11
6 7 399 3
9 1 1175 11
7 7 970 17
19 17 893 19
1 14 121 19
0 11 247 2
19 15 290 4
14 14 264 18
10 16 87 4
8 10 401 2
18 8 1230 14
17 6 1222 13
15 13 712 0
1 12 853 13
13 0 394 3
1 2 604 10
4 5 922 5
2 9 1134 11
0 14 106 0
18 1 1235 5
13 5 207 14
17 6 171 9
3 4 72 9
5 6 1018 0
7 18 892 13
18 2 191 6
16 13 650 7
7 12 295 1
18 15 816 18
14 4 1242 8
19 11 1215 1
7 5 35 19
16 3 552 1
9 9 974 15
19 1 541 6
10 6 680 4
12 15 88 3
15 6 727 16
15 17 1255 16
6 8 573 7
15 8 990 13
14 0 1068 14
13 14 260 2
17 0 141 6
17 14 950 10
17 13 508 0
19 14 609 6
14 17 101 4
15 4 999 5
1 8 326 16
2 16 1119 2
0 9 826 7
6 10 279 19
3 4 334 0
13 14 125 10
7 8 1187 14
18 1 871 16
6 11 550 3
1 10 580 19
1 14 1102 4
3 0 1206 13
13 11 1046 0
3 12 546 5
6 15 1232 6
14 9 197 18
18 8 338 9
19 10 174 1
14 18 1131 3
7 11 705 1
15 7 1174 17
14 6 433 10
10 10 10 17
4 5 362 5
16 8 336 9
4 10 975 12
2 5 1096 6
16 9 252 7
13 0 240 5
1 15 10 18
3 19 674 8
15 2 365 7
4 14 434 8
12 19 611 3
14 12 825 0
12 13 220 7
4 1 618 10
19 5 814 18
18 3 617 7
1 10 1259 1
19 14 866 4
7 6 595 2
16 7 1174 13
0 18 453 8
0 18 1150 7
8 11 990 15
18 9 517 19
12 14 651 6
15 1 1082 2
12 1 871 11
2 0 303 5
3 6 166 2
15 15 375 12
11 0 570 19
3 8 628 12
13 14 1030 3
3 3 1248 11
8 9 146 16
0 9 168 8
11 3 131 7
3 13 1260 9
2 0 1101 18
9 16 288 15
4 5 343 4
0 6 214 18
3 18 988 10
0 6 749 7
10 2 949 9
19 12 199 7
5 7 417 8
9 17 307 18
9 17 319 16
15 5 643 3
5 11 550 12
0 6 1230 0
17 0 324 0
19 7 899 4
6 17 502 8
14 0 95 11
15 5 925 12
17 17 875 6
17 14 1020 7
7 1 19 5
12 19 751 10
3 6 855 14
7 2 789 19
8 1 926 1
19 16 218 8
18 4 453 15
1 2 489 15
6 7 956 1
18 16 611 5
4 6 753 4
6 1 649 9
16 3 51 4
9 4 1153 7
0 13 819 19
7 6 946 7
15 14 990 4
1 19 211 13
17 10 752 18
5 4 959 1
13 10 33 8
13 7 351 6
9 5 840 4
4 12 598 8
12 15 791 14
15 7 988 12
11 18 212 8
8 13 563 16
11 7 1142 9
7 6 104 13
0 7 484 8
3 6 62 14
16 4 64 4
9 2 161 12
9 7 537 6
1 14 268 17
6 1 525 12
18 18 1023 19
13 4 643 2
6 14 677 4
8 12 381 16
15 3 643 5
18 4 418 13
2 1 1070 5
3 4 1070 15
19 5 372 1
13 19 56 2
15 18 452 11
3 0 983 12
16 17 153 16
13 18 49 7
8 19 174 12
9 17 408 8
14 12 317 10
15 16 713 12
7 19 966 3
1 7 864 7
13 6 136 17
15 12 977 10
7 16 100 1
0 4 5 18
19 10 1031 8
15 12 625 8
13 9 220 19
2 5 353 9
18 8 391 4
18 18 638 1
15 16 611 6
16 7 244 1
17 5 480 1
17 10 264 19
19 12 977 8
15 15 1139 10
3 4 499 0
13 5 80 8
3 7 1152 4
2 16 1297 1
9 4 1168 5
14 19 930 4
19 11 1170 17
3 17 1240 14
8 19 1256 2
4 17 503 3
0 4 1050 6
9 7 380 7
11 3 150 17
9 2 527 14
10 4 1091 8
18 13 165 2
12 11 556 10
12 4 651 7
10 17 1118 2
2 15 5 9
7 1 971 13
10 7 124 3
16 10 1079 19
8 10 915 8
0 1 1002 11
8 4 1224 2
5 9 1087 17
19 4 920 13
17 3 1054 5
6 15 123 10
9 0 422 18
2 17 740 14
16 12 888 18
8 13 1035 2
12 11 374 18
14 11 185 2
8 18 380 4
4 17 53 4
0 16 389 14
7 4 870 11
0 14 807 14
1 2 830 14
9 17 1186 18
6 11 1232 16
17 0 560 11
8 6 346 3
2 4 684 11
8 2 1056 3
16 14 170 4
14 11 818 10
18 5 24 17
12 13 489 19
0 2 499 5
6 5 554 1
10 17 19 9
19 12 753 3
7 11 201 0
7 14 19 9
8 16 991 2
10 0 900 12
5 7 5 16
3 18 869 1
7 11 484 19
18 17 735 1
14 19 778 6
12 3 950 19
2 6 624 18
15 16 733 5
7 6 633 17
18 10 744 3
6 15 545 2
4 6 260 19
9 12 1130 9
10 10 41 3
14 11 1035 9
4 2 841 16
15 8 831 19
19 8 141 19
11 2 162 5
14 14 1194 7
19 8 243 14
7 17 781 12
6 19 399 6
10 13 178 12
5 2 668 8
11 13 1149 9
19 3 1050 1
6 17 536 15
6 5 469 4
10 4 250 0
11 18 732 6
10 5 697 17
17 15 872 1
1 12 1169 1
18 13 310 6
6 0 290 2
12 12 1083 16
16 0 469 9
9 12 787 13
19 11 502 3
19 17 1030 5
9 10 775 12
0 0 1201 4
18 6 1195 4
18 1 258 14
11 16 800 3
3 4 416 2
10 19 270 10
18 7 1218 13
7 5 1193 12
8 15 1080 10
8 12 149 2
8 4 630 5
18 17 929 16
7 0 1086 10
2 0 1171 2
11 16 193 9
12 8 849 15
15 0 370 9
14 9 747 18
17 5 538 18
17 1 1118 1
3 18 954 17
19 14 486 0
2 5 891 4
11 0 393 12
1 13 388 12
7 5 205 6
15 8 538 9
13 15 69 3
8 4 1067 14
5 18 796 11
19 10 815 15
12 7 279 7
2 12 122 0
8 5 447 17
12 8 811 17
17 13 1076 17
5 0 905 10
16 7 1271 7
6 0 118 10
3 5 989 17
14 3 699 17
11 16 141 11
13 15 836 11
5 7 869 7
16 19 502 12
13 1 1253 8
14 9 1071 4
17 1 1005 0
4 11 359 2
10 15 487 0
9 19 358 19
9 17 382 1
3 1 363 2
19 9 868 10
0 1 535 18
17 19 21 14
5 4 1035 12
5 1 1057 0
14 6 17 9
18 5 145 7
3 18 807 1
11 6 282 5
8 18 1109 12
8 4 548 10
17 18 203 15
10 14 931 12
10 18 672 0
3 12 89 1
4 6 400 16
4 17 1197 10
9 11 990 13
4 15 477 8
12 17 214 15
19 11 941 14
14 16 1104 4
12 12 845 16
5 17 330 1
14 1 483 4
5 8 561 10
11 5 930 8
13 0 952 19
19 16 175 0
10 4 892 15
18 0 363 2
4 6 62 17
5 2 354 6
14 4 23 7
12 5 1146 2
6 17 863 19
7 19 57 5
2 2 368 3
4 9 482 5
11 11 875 8
13 17 932 6
17 1 128 15
16 19 240 14
1 19 796 1
1 6 759 5
1 14 566 4
2 18 366 0
19 10 702 17
7 13 240 4
6 17 1091 3
10 4 270 13
14 17 1286 3
11 5 1289 4
8 0 231 19
4 3 527 11
12 1 79 13
5 6 18 19
16 1 708 3
6 15 595 6
19 4 702 5
4 7 1004 15
7 4 622 8
19 17 892 15
13 14 709 7
19 10 681 9
13 17 1064 10
0 12 675 5
14 17 1111 9
13 0 902 0
10 5 888 15
10 15 343 18
3 6 840 8
12 7 323 6
11 14 767 17
5 12 670 2
9 18 86 1
9 13 488 13
4 13 1236 15
9 10 687 2
2 10 797 8
7 17 891 0
15 13 344 12
11 15 744 5
18 4 618 9
12 13 923 17
6 10 1204 1
8 13 420 14
18 12 128 7
3 4 848 11
4 17 327 18
17 3 89 2
17 3 453 10
10 12 1133 8
4 18 540 13
8 17 58 10
15 5 364 4
1 1 408 15
16 1 774 8
4 11 525 14
4 11 219 4
8 19 219 14
14 15 1049 6
0 8 525 18
16 16 42 15
4 19 198 4
13 9 622 1
10 12 72 7
17 8 717 19
1 17 626 7
12 10 1266 17
17 13 101 2
7 7 1169 2
8 10 886 19
16 12 473 3
10 4 186 3
5 13 770 18
1 15 48 16
13 15 1220 17
1 5 662 10
17 1 838 7
1 19 776 6
1 8 619 12
0 3 363 5
0 12 1175 10
4 8 999 16
7 2 671 16
2 15 156 15
17 5 104 11
0 13 864 11
15 19 548 12
1 11 583 1
14 7 760 7
7 17 673 2
15 7 918 3
8 4 860 4
2 13 620 13
0 5 58 17
8 3 874 4
7 15 846 16
14 0 1116 12
5 1 1076 4
4 10 761 9
13 6 608 0
3 3 993 14
5 6 466 16
2 2 228 4
5 8 104 12
5 1 852 10
11 0 730 9
13 10 1222 12
11 8 481 9
5 12 1036 18
11 17 244 4
18 9 404 0
4 8 742 15
19 15 491 4
3 3 813 2
13 9 494 5
9 11 1299 3
16 13 548 0
11 9 1056 17
2 3 3 8
18 19 754 8
4 15 109 0
19 5 19 1
13 9 295 19
7 2 962 4
12 12 794 17
4 2 519 12
15 7 855 2
10 16 561 10
0 15 472 19
6 11 1242 4
5 0 1125 12
18 18 123 1
8 2 1146 5
10 17 1167 3
4 10 998 12
16 11 124 0
10 12 841 16
13 8 1149 2
13 12 1107 1
5 2 888 7
1 19 1039 7
6 5 1189 0
7 1 1096 10
5 13 965 19
11 17 243 9
14 12 16 10
8 18 678 9
16 6 206 17
19 19 345 8
3 3 1021 18
8 15 633 0
15 1 409 12
11 0 1271 11
11 16 298 18
15 10 437 14
11 11 994 3
18 5 1137 0
5 6 159 1
7 2 1076 13
16 19 501 4
10 0 1120 17
16 3 133 14
10 16 281 1
15 16 1026 5
14 3 95 14
4 2 84 2
3 0 761 6
0 16 691 13
11 9 708 16
3 10 248 0
9 16 825 17
15 2 884 11
2 15 1134 19
5 4 1294 15
17 15 1282 11
17 11 1289 9
19 6 427 8
18 8 619 14
4 6 902 15
3 16 66 18
15 15 487 15
15 11 1270 6
13 17 1056 12
9 9 441 15
2 12 970 13
12 9 798 6
18 18 1224 11
16 2 1098 16
1 9 457 9
18 12 177 10
3 7 1065 0
4 1 1225 7
12 0 1148 14
10 18 361 6
0 8 906 8
1 13 510 7
0 14 821 10
11 18 361 14
14 17 341 7
0 0 1223 2
9 0 846 8
10 10 439 13
18 3 144 3
6 16 160 2
15 11 702 1
5 9 1236 16
8 3 391 3
7 16 649 6
16 9 920 18
18 2 170 3
4 13 279 4
15 0 878 5
15 14 193 4
12 6 944 8
3 1 680 6
0 0 117 17
10 3 1101 1
14 1 93 17
5 8 947 2
1 12 214 16
16 8 761 5
8 0 1235 16
19 3 431 0
11 13 717 2
15 2 49 17
8 11 444 13
6 5 451 14
7 12 1087 16
2 9 839 12
6 16 899 10
18 1 593 11
9 14 860 17
11 14 1197 9
2 17 1204 5
19 9 1019 4
9 1 1148 7
9 0 1238 18
13 13 878 12
2 15 1082 5
13 12 649 10
1 15 601 6
7 6 299 19
4 6 393 3
8 6 863 11
16 15 587 7
1 12 518 0
1 0 777 18
19 13 1078 9
18 4 80 12
12 7 58 17
17 1 630 4
3 8 719 7
0 17 1197 15
19 15 317 9
13 14 1246 8
12 4 978 18
10 11 1079 14
3 3 109 2
13 1 20 11
18 6 284 15
5 5 1081 5
6 5 1010 3
14 15 230 9
14 18 1165 18
1 10 1029 5
6 7 492 15
13 8 887 3
9 8 682 19
3 5 947 14
14 19 685 11
10 4 560 13
19 10 471 0
3 7 383 1
16 13 315 6
9 9 1162 5
1 11 460 19
6 7 566 17
11 7 1249 15
19 9 366 2
11 5 287 0
3 12 412 1
18 8 107 9
5 4 562 1
1 18 92 4
9 4 1070 7
18 5 1228 5
17 6 18 18
0 18 343 6
10 2 633 6
19 13 1038 2
0 0 247 14
5 18 1149 4
9 12 476 12
10 16 1161 8
15 7 147 13
0 1 1030 14
12 17 13 16
19 3 677 7
0 3 227 9
14 6 1127 13
18 3 992 16
11 0 516 12
18 0 112 4
10 11 220 16
17 9 1037 6
6 7 1213 7
11 11 633 10
15 11 1126 6
7 13 1141 10
9 6 81 1
18 5 535 15
11 15 537 17
1 2 665 1
13 7 1204 6
9 17 711 8
0 19 750 3
18 2 276 2
5 9 1047 3
13 14 1125 18
10 10 69 19
15 0 388 1
19 6 1123 13
12 9 1073 0
1 9 7 12
17 14 264 14
14 13 1128 10
9 18 597 4
3 19 24 16
16 14 594 5
4 9 203 10
10 15 1048 1
3 10 757 14
13 4 102 12
1 19 1031 19
6 19 320 6
18 14 1034 19
0 18 1016 2
0 7 570 11
17 19 584 4
13 9 244 15
10 18 649 1
8 15 140 9
6 11 973 15
11 8 800 4
15 3 442 15
8 1 118 3
3 5 1164 17
7 19 1065 9
3 2 366 8
17 7 1275 3
7 0 985 17
3 0 1196 8
16 0 1211 14
19 10 425 2
16 1 220 0
9 6 846 15
17 2 1188 10
7 18 756 0
14 16 971 13
17 15 447 13
4 2 1275 4
10 18 841 16
10 19 157 4
8 13 988 5
17 4 820 11
3 17 1187 9
3 12 204 18
2 0 1277 5
15 6 791 4
19 6 1113 9
3 18 1123 2
11 13 971 3
8 1 1033 14
16 6 1093 3
6 8 1043 2
12 3 874 11
1 6 175 0
12 1 1208 1
8 12 597 13
6 17 651 1
13 1 440 8
6 1 788 3
10 8 833 14
17 17 87 10
5 11 350 1
16 15 1260 17
9 7 772 6
14 18 1133 16
7 8 657 17
13 12 49 11
1 12 870 9
17 17 926 17
9 17 289 3
16 17 1287 8
14 1 1291 9
18 19 1287 3
9 14 851 0
1 5 292 1
9 4 889 8
18 8 544 13
7 4 663 13
10 7 1043 2
10 12 1103 6
10 12 1282 5
16 19 1130 2
11 0 545 4
7 3 206 11
10 5 846 19
8 7 885 15
16 12 943 19
2 13 603 12
11 14 479 8
19 15 163 11
14 16 493 16
14 3 650 18
16 1 898 4
19 8 950 7
14 12 511 15
2 4 1192 4
15 0 1016 16
4 2 330 18
11 1 1222 5
16 14 537 8
5 6 1074 14
14 6 579 3
2 7 515 10
6 5 593 9
16 7 575 11
1 11 1274 16
5 8 713 16
15 14 830 18
11 19 1068 19
19 12 1203 0
18 14 662 13
10 16 499 8
6 10 590 2
0 0 332 5
16 4 1295 19
4 13 1054 19
16 9 529 14
19 0 715 17
9 1 994 2
9 8 266 17
7 5 367 6
14 15 839 12
8 18 822 0
14 0 240 0
7 19 58 15
14 0 135 11
8 15 134 11
16 15 317 19
13 17 812 18
18 17 692 2
17 17 367 10
7 7 1280 17
5 2 286 15
3 5 470 14
5 8 478 15
3 0 684 15
11 1 571 6
11 6 482 19
12 10 163 9
9 2 144 13
1 4 660 0
16 11 424 6
2 1 510 2
18 2 840 5
18 18 1126 10
16 14 970 6
12 15 1028 1
13 9 1277 9
7 0 226 4
3 2 554 10
15 5 534 9
4 6 1141 0
8 11 1039 10
18 17 1295 4
18 15 540 3
15 4 302 13
15 3 690 2
5 18 1136 14
10 12 94 18
10 5 1010 1
19 0 473 2
13 15 178 8
9 15 1185 13
11 7 697 0
2 0 442 14
18 15 597 0
1 7 1014 3
8 1 47 16
3 14 55 7
8 8 1090 19
9 1 269 13
8 17 386 3
19 4 1273 16
13 17 50 2
19 17 174 7
18 3 1081 12
18 0 907 15
9 12 940 17
14 13 231 14
3 8 602 18
14 6 823 16
19 3 570 8
9 11 898 6
4 7 1180 14
18 19 976 4
2 10 255 14
8 18 742 0
4 18 912 0
11 14 347 18
0 15 57 8
1 12 431 16
1 13 207 2
10 18 330 1
4 8 152 5
4 0 804 7
19 13 905 14
19 13 163 19
16 15 437 0
13 12 1239 9
18 17 1247 7
19 9 808 2
2 12 635 11
5 0 160 11
12 7 1073 12
1 6 1290 18
19 17 107 12
8 8 983 5
3 18 631 14
15 1 980 4
6 16 1279 7
16 13 981 13
6 1 1211 13
9 17 644 7
0 11 626 2
19 4 475 1
8 18 1008 7
0 17 413 5
2 14 16 18
11 15 409 16
6 3 1295 10
8 3 877 2
4 14 1272 12
5 2 56 16
16 4 385 9
5 10 1195 11
15 3 783 0
8 3 267 19
4 17 522 14
5 0 757 15
7 14 29 10
6 4 304 9
9 3 963 5
3 7 570 13
1 11 432 5
18 4 1127 0
4 7 756 15
8 11 840 10
9 11 1286 14
10 6 264 2
9 0 426 2
17 1 326 2
0 6 746 4
6 11 1205 6
1 1 368 7
14 16 106 12
14 17 714 6
6 11 17 3
5 0 449 2
7 2 147 1
7 0 374 14
11 19 1057 2
4 11 907 10
17 19 711 19
5 16 278 2
1 11 101 6
4 17 240 11
9 17 569 19
19 16 823 18
1 1 95 18
13 8 280 17
7 1 467 13
19 16 1054 19
19 15 98 12
0 4 808 1
4 15 292 9
0 12 162 17
8 4 874 16
4 10 712 12
16 18 1242 9
4 8 181 13
0 6 546 14
3 13 764 1
11 7 508 8
10 15 138 11
5 4 628 6
9 7 598 15
18 17 512 11
11 10 87 4
9 0 782 15
10 8 901 15
10 18 981 11
13 16 996 7
11 2 985 6
15 1 1155 17
3 18 177 12
10 16 389 11
5 18 775 11
4 8 311 11
18 10 1180 1
12 13 623 18
2 5 383 11
19 6 866 3
6 1 437 18
19 12 755 11
9 0 792 6
19 7 1261 4
17 18 983 12
0 12 244 0
14 9 763 13
9 19 152 0
0 15 553 19
7 4 752 12
3 1 552 12
1 8 1072 19
5 7 579 8
1 6 779 4
16 15 877 1
1 4 1013 1
15 4 915 6
18 9 269 9
1 13 101 18
19 6 1219 3
18 12 580 19
10 11 562 15
3 11 1233 13
14 13 1280 18
1 15 292 10
3 3 153 19
14 4 809 6
9 19 811 5
18 18 51 10
17 15 632 1
15 4 247 7
9 10 85 7
13 12 248 18
0 18 824 13
3 7 954 2
15 1 791 17
3 4 566 18
12 6 315 5
9 18 723 2
2 15 561 15
16 8 176 3
11 10 1120 16
2 18 1163 17
12 5 340 3
8 10 426 2
8 8 383 16
4 17 1026 2
13 19 339 7
17 2 154 6
17 11 946 16
10 15 1212 19
18 19 733 10
18 5 728 18
17 9 421 2
8 2 1130 11
6 16 77 10
0 6 920 16
5 0 933 17
16 13 816 16
3 15 99 6
4 16 286 18
6 8 497 18
17 1 536 1
8 8 1100 5
17 1 1280 7
1 3 675 14
13 9 885 4
15 17 189 9
2 4 478 18
17 15 302 13
0 17 0 5
16 1 918 4
17 6 1063 1
11 18 472 11
18 5 958 0
8 13 144 17
16 12 226 19
12 12 649 19
12 18 307 1
18 1 591 14
7 2 218 5
16 19 389 14
18 17 367 3
8 19 331 15
7 0 916 3
16 17 1137 3
9 0 351 7
2 13 878 8
15 16 871 19
8 12 833 5
2 15 136 17
0 2 959 6
1 17 138 16
4 16 811 14
12 8 30 2
11 17 1152 6
14 17 956 8
10 6 1113 13
17 2 133 6
4 0 1032 15
13 6 1222 5
6 10 202 12
12 2 502 6
11 1 76 11
14 0 1208 14
12 9 157 5
6 15 226 2
12 19 1173 2
8 0 550 2
16 3 1167 16
1 5 157 7
0 9 999 4
6 13 494 15
12 17 424 6
16 4 595 13
11 9 282 2
4 2 1056 11
3 15 297 19
11 17 305 18
7 5 924 17
7 13 1252 6
3 10 974 8
4 13 188 15
7 8 1280 4
0 4 895 5
11 6 925 0
19 3 84 1
3 13 1080 9
3 11 1297 7
4 12 221 18
12 1 185 13
10 5 275 4
0 19 518 2
0 0 1158 9
4 14 408 14
2 12 1082 1
16 3 304 14
5 19 850 5
11 0 1058 6
8 8 402 13
4 10 511 0
9 8 509 11
10 2 1067 12
18 8 1039 1
5 2 467 19
8 19 367 9
18 3 735 2
3 5 14 8
5 18 925 6
15 12 105 17
18 8 356 19
12 7 243 8
3 7 1021 2
18 7 68 13
11 1 676 9
9 12 326 5
14 10 1140 16
6 6 687 17
7 19 838 3
8 7 561 7
12 7 578 16
7 9 932 18
16 2 678 19
11 13 415 7
4 18 551 2
2 4 35 16
5 0 771 8
13 10 565 2
19 17 1145 4
15 3 1036 12
8 3 955 16
5 0 1280 7
18 11 460 16
2 16 1200 1
8 18 90 11
5 5 856 16
16 2 472 18
1 2 51 18
8 15 104 17
15 0 490 9
15 16 922 11
0 7 646 2
13 17 502 6
2 0 778 10
16 1 982 10
18 14 50 17
3 3 985 13
1 19 464 4
2 2 749 5
18 6 207 0
11 10 17 15
8 3 478 0
18 14 1219 12
6 15 1052 13
13 6 791 8
10 11 175 9
8 16 933 8
16 7 248 6
14 1 1062 13
5 10 200 13
6 6 631 8
13 9 30 9
10 5 76 14
7 18 1142 3
3 11 150 19
12 3 1043 14
6 16 33 8
12 9 390 18
8 16 1146 11
18 12 892 18
7 11 1185 15
12 14 738 16
6 14 216 18
4 9 968 9
12 10 850 0
4 8 961 19
9 5 648 15
1 8 15 16
15 4 939 11
16 8 1095 1
18 1 351 13
14 11 290 18
15 4 181 2
6 14 747 7
0 0 801 18
6 17 845 18
10 13 656 3
17 4 780 9
17 17 91 5
16 8 1134 10
12 16 1226 4
14 9 1296 15
17 1 257 15
8 2 357 9
12 9 46 9
13 2 745 6
5 9 780 12
2 19 703 13
13 9 1121 0
11 11 451 14
1 17 928 18
16 9 477 1
14 12 643 7
13 2 219 13
5 5 98 12
2 18 158 10
16 12 1050 5
19 1 693 13
19 3 283 12
16 12 472 17
11 3 897 16
9 12 378 10
10 6 114 16
14 15 262 6
4 12 377 19
16 0 98 4
15 0 1252 7
6 1 854 6
12 2 150 16
12 16 525 0
7 7 578 0
19 15 336 1
10 6 1134 14
7 14 12 11
13 19 380 5
15 14 380 15
15 7 796 15
11 17 141 0
4 17 1195 8
9 11 224 14
9 13 437 3
19 12 554 13
2 12 67 12
19 8 786 17
2 12 462 10
19 5 565 5
1 15 185 4
8 13 369 2
13 17 1054 4
14 2 466 15
9 12 354 2
9 19 19 4
8 13 1203 3
17 18 201 0
15 14 513 1
15 18 995 5
14 11 137 11
10 8 1044 12
14 14 1159 18
3 3 1024 12
6 17 953 4
16 1 1067 9
12 13 725 18
3 14 75 6
8 10 30 2
4 17 145 13
14 7 959 13
15 4 1228 12
10 12 675 0
14 11 1056 15
15 16 594 18
8 17 112 14
0 3 482 19
12 7 637 18
0 6 715 5
10 10 816 5
7 11 252 15
1 6 147 11
5 0 465 19
18 18 92 9
9 13 567 14
1 5 491 2
4 16 989 16
3 8 171 18
2 9 346 17
7 15 770 1
8 16 468 0
13 11 136 14
8 0 242 9
1 6 1215 18
10 8 414 4
4 12 486 0
4 19 152 7
4 6 689 5
3 9 585 10
4 2 1070 14
0 9 544 5
10 0 543 10
19 14 1011 3
19 13 713 11
6 8 1098 7
18 6 165 6
10 2 1226 7
0 1 1110 17
5 19 167 15
1 9 840 18
14 15 530 0
17 14 262 7
11 4 608 11
3 1 1001 8
14 7 109 13
1 14 1091 14
7 11 444 10
2 6 476 17
7 18 773 11
18 16 660 19
4 12 258 6
0 18 374 17
2 5 56 19
11 10 330 2
11 0 204 14
4 3 283 3
2 15 326 13
1 7 1233 19
12 11 732 4
1 4 576 11
10 19 741 4
9 10 382 1
7 2 325 7
12 12 92 2
15 12 16 3
8 8 265 5
2 10 146 5
18 1 1214 11
18 2 42 11
17 0 724 18
9 2 129 5
2 17 632 12
0 9 587 18
5 1 1245 3
9 8 1252 17
6 7 812 4
7 17 813 17
5 1 371 18
17 19 854 12
18 10 58 5
7 14 101 14
13 2 497 14
10 2 1206 9
11 0 1015 3
4 4 609 3
5 17 548 8
18 14 338 5
8 19 1035 11
19 13 1103 0
19 1 740 1
11 10 1288 19
15 10 55 8
17 8 453 2
11 15 274 14
8 14 1263 7
11 3 91 0
14 7 1260 4
13 9 163 5
7 3 470 17
18 10 1159 2
7 8 499 8
5 9 146 13
3 15 215 17
5 0 537 0
19 19 915 10
13 10 929 2
3 6 1136 18
2 16 488 6
13 17 406 3
13 2 1012 4
7 18 65 9
0 4 517 5
11 13 1282 6
16 3 1003 3
17 5 1258 2
17 8 1041 8
3 2 906 14
12 5 1067 9
9 3 1196 7
16 13 52 1
5 18 676 13
2 10 196 9
19 12 20 1
1 10 255 11
1 19 1018 9
17 0 843 9
0 16 1126 9
3 1 773 8
13 5 245 2
3 13 597 16
12 6 938 4
12 17 981 16
8 1 312 17
11 5 793 4
5 11 902 0
3 5 613 16
15 14 613 13
18 17 1057 3
5 19 1149 13
10 11 28 6
7 15 95 4
9 5 241 1
18 4 408 13
13 1 660 15
8 2 184 6
4 3 1025 7
9 0 279 18
1 6 759 3
14 10 1195 16
8 12 1290 12
1 2 1083 19
17 1 485 1
2 5 630 5
1 1 380 4
0 12 689 18
3 0 1295 17
8 0 18 13
16 18 1100 7
9 5 165 6
19 17 1093 3
12 6 387 14
1 16 155 13
2 3 1296 17
17 3 263 16
2 15 9 9
8 3 164 0
11 6 781 2
14 9 875 5
3 5 539 6
11 11 573 11
16 18 310 19
3 0 912 5
5 13 25 8
6 19 906 8
18 0 1219 15
7 1 1148 11
17 2 1294 3
13 4 1275 9
9 17 680 4
12 8 278 16
2 13 677 8
0 2 829 6
6 15 699 17
6 16 783 8
1 14 472 11
5 2 785 9
9 18 1019 1
6 1 108 13
14 14 1138 12
15 3 46 15
7 8 1221 9
11 8 437 9
15 13 117 13
12 17 802 1
5 4 309 9
19 4 874 15
11 19 1052 1
11 12 88 11
14 3 1225 10
2 11 425 9
8 6 165 9
5 16 606 9
11 16 432 19
12 8 17 3
9 12 23 17
11 7 860 1
14 18 251 8
10 18 1020 10
15 17 264 0
6 5 846 18
17 4 1018 5
5 19 1221 16
10 18 212 2
9 18 577 18
19 3 1291 11
4 10 317 5
0 14 326 0
13 10 50 4
3 19 593 10
1 0 1261 0
16 8 49 7
7 15 988 2
1 6 69 19
4 1 365 13
7 19 783 3
3 12 1145 15
15 14 1072 3
18 15 889 0
2 19 803 13
2 19 1281 1
17 18 1273 4
18 16 1123 4
9 9 940 3
16 15 984 6
7 16 1010 18
14 11 1099 3
4 6 354 14
13 14 1183 10
14 15 919 19
9 15 76 3
13 18 915 18
11 15 898 14
2 18 657 1
2 17 8 7
7 18 475 3
2 0 1190 9
4 6 211 18
11 6 460 9
15 5 1029 3
13 12 928 6
1 15 956 18
9 14 491 17
6 10 28 1
3 1 283 16
0 10 474 7
18 0 482 8
0 11 903 19
19 2 773 7
3 7 698 7
9 4 873 16
5 6 362 11
17 9 1190 5
17 0 346 17
6 11 222 13
10 3 523 8
2 13 666 1
12 15 629 7
16 12 269 9
4 19 1170 17
12 12 758 0
3 3 704 4
9 10 1241 7
7 5 382 4
13 13 526 8
4 6 1160 3
11 6 636 12
12 12 754 11
19 10 903 19
10 19 765 17
9 12 1111 0
7 2 345 1
11 13 970 15
7 5 523 5
6 14 77 17
0 10 395 17
12 10 102 11
7 17 643 6
0 10 807 1
17 9 814 17
19 19 673 11
10 11 838 2
16 0 1046 11
8 4 798 8
13 18 251 7
1 4 947 9
0 5 538 1
12 11 51 11
6 5 776 15
16 8 968 3
2 4 67 2
5 18 665 6
15 0 1249 5
8 9 350 16
5 7 603 5
11 11 282 7
16 8 1091 8
2 9 543 19
5 5 801 4
2 17 350 13
1 17 1169 10
9 19 606 17
9 5 470 13
11 10 201 18
8 13 748 2
11 5 1174 2
14 1 815 11
7 0 516 8
9 13 406 14
19 2 476 15
10 7 913 0
18 15 175 14
15 2 1062 16
19 13 617 8
4 10 1071 15
4 8 1298 15
17 4 1037 12
18 11 953 15
5 17 473 15
7 10 327 13
2 8 471 3
10 16 396 9
18 14 142 6
6 12 370 10
10 10 381 9
2 1 67 7
10 19 837 6
14 16 295 2
19 11 796 15
16 10 1183 2
15 7 122 18
4 16 635 2
0 11 579 5
8 17 952 13
5 13 671 4
4 16 957 9
6 10 1036 8
10 8 1206 17
4 2 499 15
18 1 1192 5
6 15 686 3
19 2 1011 3
1 14 347 2
16 14 667 10
9 7 511 1
15 6 641 12
9 11 1120 3
5 14 563 9
14 2 215 8
3 5 875 7
11 8 958 8
14 15 1280 13
10 1 618 14
12 2 1229 2
5 14 274 8
4 4 715 9
6 3 806 11
5 17 294 8
19 17 575 1
15 19 880 2
18 3 965 17
19 14 808 15
18 19 1224 14
15 6 591 5
3 4 1138 13
0 6 823 10
1 11 399 6
1 0 191 18
9 7 627 0
2 14 639 4
14 14 194 3
18 0 225 13
17 15 371 18
12 0 1289 2
4 8 350 3
18 12 252 0
18 7 925 15
13 13 506 3
14 19 362 17
10 19 168 17
19 14 34 18
17 17 706 2
18 17 659 15
18 19 769 0
7 16 322 0
2 19 77 1
1 5 158 0
18 18 468 14
10 19 143 8
16 2 1133 0
1 6 694 15
19 4 769 18
18 11 615 9
7 9 405 15
13 18 410 14
6 6 833 10
6 3 893 5
4 5 398 14
2 7 1176 11
3 19 1260 18
12 2 24 2
11 2 664 0
8 12 115 12
3 14 307 7
11 10 568 16
9 17 1040 6
16 0 1045 18
17 5 414 8
13 14 815 16
2 10 183 16
7 1 632 9
16 19 102 4
5 12 949 14
11 15 677 4
1 9 320 17
10 9 523 9
4 19 607 19
1 14 947 19
2 11 470 7
13 16 750 13
19 17 492 7
7 2 1160 2
11 17 182 11
17 4 975 7
2 4 134 15
15 13 1078 18
5 11 440 3
14 1 435 18
2 4 212 14
16 19 1117 1
19 2 1282 1
18 9 394 4
12 7 548 19
8 0 1142 3
15 1 47 13
12 7 29 16
10 15 1234 4
7 1 152 6
13 11 561 15
17 8 1064 15
15 7 278 8
5 10 137 4
1 9 359 12
14 5 184 1
15 13 745 1
14 8 53 11
12 11 1226 17
6 18 1053 16
2 19 284 14
12 0 397 4
7 15 55 5
16 19 1220 11
13 17 422 17
19 1 776 6
18 11 470 6
10 10 338 16
11 1 409 8
7 5 888 18
13 19 1208 3
6 2 949 9
3 17 908 3
5 7 585 6
1 8 84 11
8 1 461 9
8 15 881 15
6 13 64 9
10 12 1085 19
9 1 1132 3
14 3 952 11
17 18 52 16
18 12 649 11
1 14 647 9
11 10 774 2
11 5 115 6
12 8 842 17
8 1 151 5
14 4 818 11
6 11 485 18
5 0 441 19
8 13 452 14
4 6 933 11
16 12 1283 2
1 13 896 5
11 13 195 7
19 4 1241 13
0 6 1008 17
1 4 6 19
9 11 828 18
0 15 17 7
12 11 159 14
14 13 163 2
7 14 652 2
8 15 165 9
7 17 1118 14
11 4 1059 11
16 12 652 8
16 9 739 17
16 5 790 9
2 2 194 5
15 11 799 1
14 17 611 1
19 3 577 8
7 7 1274 10
5 18 134 1
2 0 997 15
7 14 558 7
11 9 830 5
7 16 1066 7
1 14 95 3
5 9 266 3
9 7 327 5
17 19 991 3
19 16 183 6
17 19 518 8
7 3 90 15
12 10 1239 10
13 2 272 3
13 9 1013 7
13 7 540 15
3 3 1148 12
15 5 773 13
2 15 930 8
15 2 1195 19
8 0 496 17
18 16 62 11
1 3 95 4
10 10 1174 9
16 1 495 14
5 2 641 6
10 11 469 7
19 10 401 8
9 7 226 13
19 6 1226 13
15 1 62 3
1 5 379 15
6 5 534 19
11 13 562 10
6 18 93 14
18 17 842 7
11 18 870 16
13 6 20 9
18 2 931 10
14 9 527 16
3 0 127 6
19 4 1230 8
13 12 861 7
18 10 33 16
16 5 918 8
16 2 379 16
6 19 119 15
1 12 1029 1
18 5 84 3
13 17 517 2
4 2 1209 8
1 13 752 19
6 5 960 0
0 8 208 10
16 6 464 13
17 11 1062 18
16 4 1251 19
7 2 1040 1
14 19 517 16
12 1 159 3
4 1 803 3
8 13 1122 11
18 3 652 8
12 10 173 6
12 18 386 8
3 0 1067 0
11 4 193 19
6 8 1003 4
11 14 334 3
13 9 1070 14
2 9 205 4
8 1 987 7
18 14 1000 8
7 7 265 4
3 0 633 18
9 12 1036 4
5 19 603 8
3 12 655 4
4 0 1193 6
14 12 695 6
6 1 1156 6
12 19 526 13
14 15 921 19
7 14 1273 13
4 4 204 16
2 18 110 1
15 8 446 4
9 6 902 6
13 10 164 6
5 0 155 10
9 10 241 4
17 19 935 15
4 6 979 17
18 3 254 16
3 6 1242 16
3 5 395 13
18 18 1071 16
5 1 32 16
15 4 721 7
3 9 161 4
15 4 1207 9
18 6 1240 6
0 2 559 13
2 4 427 7
13 4 836 16
19 8 1212 3
1 18 309 18
12 13 455 6
3 19 68 18
3 13 728 2
6 3 979 15
3 10 722 1
2 4 377 2
12 4 828 2
17 11 709 17
10 15 563 13
19 14 669 11
13 2 257 13
2 13 773 2
6 12 835 19
6 7 321 19
4 4 887 14
17 12 826 18
3 14 474 7
4 5 908 0
0 11 1291 15
7 5 188 10
14 19 50 17
12 0 1052 10
2 1 1074 7
17 15 694 6
0 8 219 1
12 1 1116 2
11 6 367 16
6 10 206 16
8 17 684 6
13 8 154 11
12 16 540 16
11 3 22 14
0 16 275 6
17 6 197 11
0 0 557 19
5 16 606 2
12 7 801 19
7 6 639 14
0 3 606 10
5 1 90 0
17 9 665 4
15 10 723 5
9 14 588 17
10 8 256 2
2 13 100 4
8 14 343 3
7 7 855 17
2 19 239 2
1 9 1034 8
0 3 1250 2
15 2 284 17
16 10 1260 19
10 11 433 0
3 5 1181 18
9 0 24 16
18 1 963 7
5 2 709 10
2 17 830 8
17 12 1203 0
0 12 1013 13
19 9 1274 12
13 14 255 0
1 14 692 12
14 6 315 15
5 1 1024 1
4 7 1131 10
5 14 846 14
13 12 489 9
7 6 848 16
8 13 133 15
4 9 1228 5
9 2 804 15
9 14 1147 2
6 5 625 9
9 3 927 18
11 2 1075 9
8 8 709 3
10 7 341 13
2 4 620 14
15 6 488 13
4 17 67 5
1 0 28 7
6 7 750 1
18 9 75 18
18 9 1005 2
15 12 908 17
11 13 319 0
13 17 441 3
15 14 524 1
4 3 444 14
0 5 746 7
15 1 789 1
3 3 1119 4
5 7 738 11
19 18 125 2
1 12 297 12
14 5 913 15
7 6 1069 0
6 3 880 12
1 3 1077 5
5 4 788 18
6 16 883 12
1 13 171 2
9 2 1062 12
5 18 818 6
7 14 15 19
1 11 756 15
16 2 435 10
10 17 724 8
13 16 719 6
7 8 853 13
13 7 1214 3
16 17 1028 11
10 15 523 6
17 6 444 4
4 15 479 0
7 11 465 10
7 10 966 19
15 8 1062 14
3 0 83 1
14 1 935 2
2 19 143 2
10 13 1067 13
2 9 546 12
15 0 934 7
6 18 237 13
9 18 219 11
5 4 332 11
12 12 146 7
19 4 276 5
8 18 891 12
17 16 362 0
13 5 321 8
4 13 1062 18
3 4 1203 9
14 15 852 11
18 8 110 5
3 14 622 16
6 18 284 5
17 1 1068 2
4 5 1178 12
9 14 978 5
3 15 827 8
11 10 453 11
3 11 174 4
0 4 978 12
6 17 235 6
19 3 324 17
1 14 438 0
11 18 886 19
6 14 710 3
19 9 1046 10
9 7 827 2
5 6 950 12
18 6 1280 9
18 3 50 1
8 7 397 16
16 16 1088 2
8 15 513 3
18 3 854 0
10 17 68 5
11 9 527 4
2 3 1194 18
2 19 471 6
10 15 16 3
3 4 937 12
17 5 503 7
4 4 91 1
15 5 850 10
9 8 514 0
16 19 889 19
11 6 285 0
3 16 657 19
12 11 1110 7
4 16 781 16
5 4 1220 9
12 11 1272 12
11 8 1201 0
18 1 1286 2
14 2 25 0
7 0 692 13
8 0 1045 5
19 3 98 10
18 4 893 13
16 7 1019 0
1 4 926 17
13 15 1225 19
6 11 1168 4
9 1 1172 4
10 4 320 13
16 3 431 12
6 12 514 12
1 16 319 18
4 16 15 5
5 3 657 16
11 18 1276 6
13 5 395 10
10 14 369 19
11 17 92 19
18 19 27 17
5 16 847 9
6 5 46 6
6 14 335 10
18 6 470 9
18 9 929 3
1 15 402 0
2 3 404 19
13 9 1236 14
5 14 1087 18
10 18 717 11
7 5 934 16
18 15 719 13
9 17 865 5
13 10 817 14
7 10 263 16
7 6 193 11
8 17 144 1
13 12 1126 12
18 6 1247 4
19 10 821 10
18 1 192 6
1 3 156 19
3 2 354 5
8 16 178 2
4 3 1226 1
9 14 592 17
13 18 1033 15
1 6 1138 4
9 5 485 3
18 15 218 18
18 3 453 18
16 0 83 12
7 18 804 12
9 16 666 7
13 1 349 5
13 0 748 0
2 8 209 11
2 13 794 15
0 1 555 13
16 16 152 18
10 19 850 3
5 11 166 12
9 18 902 1
2 3 1109 5
4 12 248 7
7 9 622 18
8 16 924 0
3 11 665 19
1 6 277 16
14 6 491 2
15 7 661 8
16 11 192 19
4 12 1133 7
16 16 325 15
12 15 102 15
2 18 1078 11
3 19 977 19
18 14 737 0
5 19 234 9
8 1 264 2
6 11 120 14
10 14 1143 10
14 4 318 0
19 8 1219 2
2 2 853 0
19 2 1119 10
4 17 1196 5
17 8 319 6
14 2 102 17
11 9 471 16
19 17 447 13
12 1 976 4
16 19 846 6
13 10 107 0
19 3 1243 4
11 9 820 15
12 18 802 3
14 12 83 12
10 0 254 6
5 6 746 5
14 10 207 18
19 19 1164 18
8 15 792 10
18 11 914 14
15 9 1189 10
11 8 746 18
1 19 662 1
16 10 1027 18
0 6 589 8
9 5 190 9
9 18 555 18
19 19 811 13
0 0 407 16
11 15 1104 6
6 11 340 16
3 18 828 6
17 5 339 15
19 6 789 11
11 0 811 13
17 8 1170 2
7 7 163 9
17 8 1125 8
10 16 15 15
9 5 1053 1
6 9 826 4
9 8 469 6
10 9 104 14
12 14 499 8
12 18 446 2
1 0 73 12
16 6 1161 16
2 12 871 19
11 3 1066 3
16 11 778 9
10 17 192 10
12 10 1290 19
18 13 1251 15
15 18 352 7
14 13 54 5
7 2 352 8
16 8 1098 19
11 2 720 0
4 9 14 8
6 19 1131 11
6 11 891 12
4 3 14 19
2 13 263 2
7 15 1286 8
5 18 826 5
19 9 1111 15
7 10 422 15
17 17 370 13
8 14 285 12
11 2 895 2
13 9 351 16
14 8 635 4
1 10 447 16
3 19 18 13
17 6 662 7
14 5 614 19
16 16 621 16
8 19 219 7
3 7 11 19
1 12 996 18
9 4 901 2
10 13 364 14
4 6 919 17
15 10 921 7
10 15 485 16
16 11 1070 10
16 18 919 15
10 3 54 12
9 0 75 8
2 1 362 2
7 8 530 7
2 9 1070 16
13 9 1283 19
6 1 1136 16
11 13 658 7
7 2 308 5
1 2 693 9
15 14 1113 18
16 6 1079 15
2 1 578 10
10 11 475 6
18 2 326 3
13 13 877 16
16 13 365 9
9 17 340 3
16 16 286 10
1 14 492 13
8 7 263 13
17 14 882 8
8 9 302 9
6 15 63 6
19 2 35 16
16 15 964 3
9 1 1203 10
15 1 1172 11
3 14 186 1
14 8 651 14
13 19 789 0
18 13 1188 16
2 12 616 15
7 18 504 8
14 7 29 2
13 15 1293 15
11 2 783 7
0 13 1239 0
4 6 795 10
13 16 94 19
0 8 794 16
14 12 101 12
0 18 128 15
9 8 175 2
8 8 1042 18
4 15 1270 1
1 17 521 6
14 8 1066 2
10 0 96 5
5 19 590 16
18 5 613 19
1 12 1099 15
18 7 1163 1
15 5 1259 15
13 5 1009 9
6 1 179 18
3 16 513 1
15 0 924 11
12 8 1026 12
18 3 249 19
14 4 315 2
2 19 690 19
11 16 1248 1
9 14 1018 3
7 2 143 4
5 3 814 19
6 12 1008 13
12 5 1048 2
16 18 824 9
0 12 788 16
3 18 171 4
19 1 118 9
2 9 1193 14
3 16 773 9
1 8 488 18
10 6 328 11
10 17 299 8
7 6 929 4
5 18 1288 0
15 5 232 15
16 6 275 16
9 7 1164 0
4 17 712 8
6 1 542 15
2 18 616 16
12 19 88 16
10 8 789 3
18 17 1119 13
2 7 881 12
6 4 600 1
15 2 618 9
14 3 290 17
15 4 264 2
7 9 394 19
1 17 352 0
16 11 1257 9
19 8 966 8
0 19 1153 16
3 19 1164 11
19 9 1167 11
9 16 949 1
0 6 102 10
18 12 199 7
13 5 1130 17
0 11 132 3
17 0 569 0
3 13 1124 4
16 17 710 15
5 13 829 17
15 3 1048 13
5 1 1248 13
17 8 1195 14
16 3 758 5
10 14 1031 18
15 11 188 14
11 12 1014 17
5 19 50 10
3 0 298 15
15 9 1141 0
3 0 104 11
3 5 148 18
3 11 1033 14
7 2 10 16
6 18 852 10
8 15 50 12
17 9 829 1
11 4 708 2
4 5 624 13
6 14 9 7
15 17 560 19
8 1 241 7
18 7 867 2
15 12 871 3
17 2 576 7
18 4 1027 6
8 3 855 16
14 17 1096 2
3 9 411 18
5 16 928 17
11 3 64 5
16 7 55 4
18 14 489 12
2 11 1177 8
7 10 958 19
19 18 262 4
15 3 546 3
14 16 573 8
13 10 163 10
18 15 576 17
2 11 724 17
1 17 238 8
8 18 349 19
11 10 1245 14
3 7 374 5
0 0 547 2
15 16 626 18
9 5 212 16
15 8 874 6
10 9 641 2
13 6 691 4
19 6 1207 3
19 17 647 5
6 13 610 5
2 0 888 0
17 15 361 12
6 8 54 10
14 19 168 14
16 4 633 5
17 5 801 11
14 17 812 3
8 14 141 4
10 4 1035 10
15 0 193 9
3 16 1009 18
16 12 214 17
6 14 890 7
7 15 1003 14
9 15 574 2
18 15 230 19
19 14 1271 13
2 9 1135 8
5 9 1087 10
4 19 803 14
2 14 443 2
9 5 721 13
16 15 796 15
1 13 1076 19
0 11 473 4
19 4 1259 11
18 17 887 13
2 9 787 1
17 10 455 17
9 14 699 14
7 13 175 18
8 0 227 6
10 0 665 1
4 13 648 4
8 17 1057 12
3 9 389 2
16 19 1275 9
5 7 370 11
5 16 1006 2
11 2 467 18
18 3 206 1
19 3 556 14
4 1 1186 19
14 19 519 1
13 5 1298 14
16 19 360 19
8 6 314 16
15 5 960 13
1 5 689 3
15 6 1206 9
13 5 478 1
3 16 480 10
16 0 613 7
6 11 554 18
10 17 1131 0
2 1 650 13
2 2 593 4
1 11 522 1
9 8 1184 11
10 15 940 10
3 12 668 1
0 13 1197 12
3 18 27 5
2 13 1185 1
3 2 58 12
16 1 1272 10
6 16 813 0
8 13 83 3
0 13 262 12
17 12 867 17
5 13 665 4
11 13 1265 6
2 4 206 3
4 0 908 4
1 4 96 9
16 1 857 7
16 11 555 15
1 10 74 2
14 18 331 8
19 10 942 10
1 18 1246 12
13 5 902 0
2 3 1026 18
14 3 1031 9
11 5 1212 19
13 19 1088 17
0 5 1189 18
8 3 588 11
16 15 309 19
8 8 710 9
12 7 1166 3
19 16 823 17
17 1 1005 16
11 7 1055 4
9 10 392 18
10 12 55 11
1 6 1080 14
12 0 180 3
5 6 773 15
14 7 1154 8
13 9 601 13
17 15 157 2
13 13 336 8
15 14 303 16
10 13 1054 11
1 1 260 2
15 5 334 3
7 13 620 16
4 19 728 7
15 3 1144 3
10 14 1024 7
9 13 693 5
8 14 989 19
7 19 422 6
3 8 526 18
10 13 1277 3
14 13 543 1
15 13 1146 12
6 0 893 0
15 10 19 7
19 18 1089 9
3 19 898 3
16 3 396 2
12 19 813 7
3 12 1150 0
15 15 209 11
6 17 530 6
17 14 998 8
15 1 1171 6
12 9 988 6
4 10 1197 4
8 0 673 18
3 8 220 8
10 17 160 10
18 7 1208 2
4 14 370 5
11 19 1226 14
6 11 224 17
1 13 649 15
18 15 559 7
13 17 850 1
17 6 38 3
18 7 1114 0
11 18 568 7
16 16 759 8
18 15 806 14
16 12 23 5
11 5 1116 15
14 7 1135 10
19 2 729 16
9 2 49 4
6 6 518 9
14 12 474 5
19 1 547 16
1 3 975 15
9 13 769 0
6 10 572 4
12 6 292 16
4 6 1160 13
5 7 261 3
5 15 774 1
9 16 73 7
12 13 274 0
2 11 80 16
9 13 180 6
8 5 1091 11
15 16 996 3
9 8 906 17
5 4 31 19
4 16 1217 8
12 4 916 9
10 12 951 13
18 10 600 17
11 0 485 2
12 0 14 16
13 14 211 7
9 1 63 12
1 14 140 17
6 14 324 10
4 0 312 17
14 11 415 17
18 6 1112 11
9 18 73 14
9 12 1054 6
10 12 951 3
3 13 892 4
18 8 823 18
15 9 109 3
17 14 894 14
4 3 171 16
3 17 978 10
14 6 589 4
8 7 1165 18
10 14 982 19
16 11 1060 14
6 17 92 3
3 1 1209 19
6 4 278 4
1 15 864 7
19 5 726 7
19 8 1297 19
19 16 607 0
3 13 612 6
18 16 1043 2
0 5 83 16
11 8 1237 3
11 11 843 2
4 8 1255 10
10 16 746 10
9 4 137 14
9 19 1142 2
13 9 1200 2
11 2 244 7
3 0 1052 5
5 12 522 15
6 8 1290 1
10 11 1289 12
8 16 1150 2
12 5 595 5
6 4 1181 13
5 4 477 18
10 19 1263 2
14 7 341 17
7 12 906 12
4 9 325 9
12 19 228 18
4 11 190 7
9 2 145 2
2 3 878 10
8 6 46 3
5 17 15 5
5 8 706 7
13 18 135 13
14 14 1269 15
15 12 544 10
3 2 455 12
6 15 894 2
14 15 705 2
4 12 1138 11
19 13 928 15
16 18 935 15
17 15 1071 14
4 6 208 16
7 0 345 18
12 16 834 7
11 13 788 5
9 5 815 18
14 18 1063 7
11 4 851 4
13 18 568 14
6 15 215 9
1 9 254 13
10 14 693 13
16 17 1123 7
6 16 1037 15
13 4 334 7
7 14 522 12
15 10 1043 11
9 11 14 13
2 5 446 18
14 4 1175 15
11 9 683 0
14 17 611 14
16 6 643 7
8 10 274 18
2 11 1287 1
11 6 677 7
16 2 1232 6
12 8 714 14
14 1 982 0
10 16 390 6
19 16 1249 11
18 10 1291 19
14 6 550 0
19 11 855 8
17 11 978 4
6 4 527 6
13 16 845 8
14 0 665 16
3 3 480 11
5 4 38 14
7 14 1127 17
8 13 1256 12
1 1 1275 15
14 17 501 18
10 2 56 18
18 15 865 16
3 3 896 7
4 13 931 8
18 11 1130 7
3 2 1208 4
18 2 783 6
6 15 1134 7
15 12 1183 12
1 15 1157 1
3 6 5 12
16 2 833 17
14 14 1202 9
4 7 1206 4
2 18 794 6
3 2 866 13
3 1 771 1
9 2 494 8
8 2 31 9
1 9 913 16
11 18 133 1
3 16 746 11
12 7 112 4
0 18 782 3
18 9 174 9
4 14 1151 16
5 3 18 6
2 2 50 15
5 0 1142 10
15 12 861 18
13 8 365 9
16 15 777 18
9 1 1214 12
15 13 1213 15
2 12 1102 19
17 15 664 19
9 3 1213 17
6 5 639 17
4 14 621 19
14 13 508 9
1 2 3 9
13 17 720 19
11 9 1275 8
0 15 5 15
14 16 218 12
10 14 387 19
9 15 1140 12
7 4 907 10
16 11 704 16
8 7 975 0
9 7 89 14
8 14 338 17
13 18 229 5
3 18 742 1
8 15 338 11
15 11 737 3
1 17 168 17
2 3 1246 19
3 5 624 11
9 7 70 10
12 5 566 10
11 7 1267 2
5 8 223 16
2 4 190 16
4 11 943 0
16 13 978 4
9 19 612 9
18 4 502 1
9 14 597 1
4 3 195 11
17 13 499 4
3 17 203 6
11 4 1007 7
17 0 63 19
3 2 317 11
1 3 21 15
3 0 846 9
7 15 814 4
19 15 498 1
11 12 348 17
18 0 190 14
7 6 704 11
18 2 231 13
16 1 37 0
3 3 189 7
0 19 138 13
4 8 177 5
10 15 888 1
7 4 210 3
4 2 194 17
5 13 1223 19
7 19 290 7
16 4 438 17
19 11 1138 5
15 12 1134 10
8 3 824 5
16 11 598 15
13 15 904 8
5 14 335 9
12 15 709 1
14 7 1153 12
4 11 740 17
16 5 194 10
5 4 747 6
0 2 1229 7
6 19 758 9
4 18 764 0
18 10 1089 6
17 7 1218 9
6 19 88 0
11 10 1230 4
8 6 1029 11
12 8 761 2
11 12 930 8
4 19 1219 2
16 16 183 5
2 12 378 3
14 11 335 7
12 4 680 9
14 9 924 13
7 17 369 11
7 19 537 0
16 4 110 9
3 8 1039 19
7 14 1039 18
8 3 1189 18
4 17 405 7
11 13 157 16
17 6 129 12
11 8 94 3
17 14 1234 12
19 16 820 0
11 10 290 14
7 14 581 1
14 17 758 0
18 17 767 8
2 10 712 9
19 7 411 18
13 12 1128 19
19 19 515 3
7 16 1027 11
1 2 355 7
11 3 173 18
9 19 1052 4
18 10 976 0
19 12 512 8
10 7 10 3
8 8 427 1
5 3 303 2
12 5 68 4
9 11 980 11
18 9 800 9
10 13 852 3
7 15 94 7
0 10 910 10
19 17 604 10
8 11 688 17
13 0 60 2
18 10 937 6
14 1 592 18
13 11 792 8
10 8 1000 4
17 1 1170 2
17 8 711 13
12 16 136 6
3 0 1098 7
17 15 82 11
1 5 671 4
12 13 672 1
1 18 243 10
11 9 96 5
5 2 928 3
10 7 981 8
4 19 923 0
3 2 1105 7
3 18 1046 3
10 6 1076 13
8 11 887 14
5 13 922 1
14 8 326 7
0 4 32 11
14 10 378 8
15 8 348 0
19 17 1157 18
19 19 812 12
3 9 827 8
8 2 326 9
11 8 214 7
17 10 1046 15
14 9 1248 12
13 1 909 16
2 8 127 10
7 19 700 11
13 18 739 19
6 7 211 18
9 19 383 4
18 17 505 9
0 3 668 12
17 7 138 14
8 3 1124 19
6 10 984 0
15 16 960 8
13 4 536 18
16 9 958 1
5 2 959 7
16 10 643 19
4 0 538 17
17 8 62 1
17 9 1132 5
5 4 1298 7
17 2 775 6
3 9 1075 16
5 0 287 15
5 13 497 6
17 0 236 12
4 10 510 7
7 19 396 8
7 2 184 11
0 16 591 3
0 1 561 2
14 15 724 12
8 3 528 9
4 2 1038 12
2 9 1234 17
5 17 120 15
1 10 1279 5
8 7 727 0
1 4 376 11
8 8 292 10
17 18 943 11
1 6 1239 18
3 16 866 9
13 14 952 13
6 16 586 17
8 14 1149 17
15 1 865 14
12 2 110 17
12 4 936 1
5 1 819 11
3 9 1177 17
17 3 496 19
15 16 530 2
17 14 40 14
5 10 75 16
1 6 597 13
9 6 867 6
11 6 1138 10
14 2 860 13
13 3 197 19
8 14 610 9
1 13 1120 3
13 17 927 8
8 3 571 11
11 9 685 0
8 18 779 14
19 16 238 3
19 10 281 11
13 13 107 18
18 6 349 17
9 19 909 3
7 14 175 5
11 3 126 5
6 4 184 6
11 3 396 9
5 5 45 9
5 7 740 4
4 2 463 3
14 12 1016 13
16 9 853 9
17 17 365 9
11 4 1136 15
10 4 893 3
18 19 509 11
10 18 1218 4
17 11 354 12
8 8 465 14
6 11 52 18
13 3 323 18
2 19 735 2
8 17 986 18
6 12 702 16
2 4 236 17
11 17 1210 10
19 7 915 1
18 17 538 8
14 16 887 5
4 12 377 4
1 18 91 10
6 1 870 0
14 19 1063 0
17 15 511 8
18 9 346 18
3 10 118 15
13 2 1197 13
3 8 762 11
12 1 1099 15
9 5 611 4
13 4 551 17
7 13 193 19
18 6 352 7
1 11 1180 4
10 8 923 4
9 14 866 17
10 17 1246 0
15 1 695 10
9 19 547 16
6 16 56 13
11 17 494 10
0 18 4 9
17 13 410 3
10 10 501 5
7 18 761 2
1 8 1100 16
0 16 443 4
5 11 792 8
5 16 219 0
5 2 1074 8
18 3 357 10
0 9 968 15
18 11 1048 17
9 19 132 13
15 3 460 10
16 14 713 14
8 1 180 12
11 16 122 16
8 4 1294 16
1 10 201 11
13 10 1122 4
13 17 813 1
14 16 354 9
12 2 139 17
15 14 76 15
6 15 1260 13
12 5 1289 18
16 14 329 10
18 5 1139 12
5 14 161 12
4 6 408 15
19 7 150 8
7 13 453 9
2 8 264 19
14 6 1271 19
10 12 1248 11
18 13 284 0
11 19 26 2
18 3 1102 5
15 15 1187 15
0 15 355 5
8 14 1278 11
2 19 759 0
9 0 778 5
17 10 1093 14
13 3 830 7
12 14 514 14
8 9 1212 19
10 16 255 16
19 13 322 19
11 16 1230 13
7 19 328 14
10 16 345 3
10 15 599 16
6 6 145 0
0 14 238 10
12 0 828 14
7 2 937 1
6 17 528 10
12 12 236 1
7 7 21 18
3 14 308 16
12 16 33 4
1 8 502 6
11 19 499 10
13 8 1161 4
19 18 116 6
2 8 1287 11
10 3 952 13
19 4 872 19
17 12 990 1
14 6 1298 6
3 13 540 17
16 4 951 4
10 19 122 5
19 6 1082 18
4 8 923 9
10 18 589 17
15 19 672 4
16 1 531 18
16 14 498 15
4 9 451 17
19 3 79 5
10 2 511 19
12 18 165 5
0 7 490 14
12 7 677 5
10 0 18 18
5 18 506 11
1 15 482 3
5 16 451 4
19 17 1148 11
0 4 915 11
1 8 1027 10
8 5 976 16
8 4 589 6
8 8 1079 18
4 15 1034 10
17 16 749 3
3 3 419 1
2 12 693 8
2 4 180 6
13 0 823 12
14 4 322 15
11 5 61 16
8 0 696 3
11 16 413 1
1 6 450 9
15 12 461 15
18 7 1105 9
5 14 634 1
17 0 107 3
3 6 686 12
1 19 1225 5
19 12 801 15
5 16 363 11
3 5 670 14
10 18 1037 18
5 18 622 5
3 5 1290 12
4 13 1191 7
16 11 43 12
5 17 198 17
8 9 316 0
13 0 1082 10
5 12 798 3
5 7 382 10
19 10 257 13
9 3 110 12
12 12 896 8
0 9 1003 18
5 0 695 6
7 3 881 18
19 6 95 3
9 15 1075 5
10 8 1094 18
7 9 11 12
17 15 726 17
9 17 165 7
4 17 694 3
11 7 1248 3
8 15 432 15
0 0 785 1
6 2 1144 3
10 0 882 4
3 15 559 7
0 4 263 16
9 9 495 1
18 8 411 9
12 19 973 17
4 19 259 11
14 8 1114 16
10 3 1137 9
11 1 405 15
16 0 567 8
9 11 244 14
16 9 917 7
4 7 51 11
15 17 518 11
10 7 1118 10
3 9 559 9
16 4 1274 16
11 4 301 16
16 10 18 12
0 16 279 6
11 2 24 12
13 0 469 16
7 2 447 16
16 18 1094 8
14 12 304 5
3 7 106 16
15 18 1131 7
3 4 356 10
2 5 253 16
12 13 668 19
11 2 808 14
18 9 1206 6
18 2 157 16
9 11 69 19
13 8 672 6
1 16 85 18
15 3 562 7
6 8 1237 16
13 18 991 12
1 16 384 14
7 10 480 17
17 14 531 14
14 12 985 16
2 2 1105 15
0 8 1251 9
17 4 97 6
2 19 151 2
5 9 459 5
9 2 364 2
2 5 748 1
5 6 29 8
6 8 653 13
1 5 628 18
2 3 287 18
4 7 348 0
9 13 844 2
4 0 455 16
6 12 327 7
18 18 624 5
8 7 572 7
8 18 118 11
8 4 60 7
14 5 146 18
19 17 967 14
9 8 1076 16
11 8 1140 13
14 1 1206 9
9 12 1007 6
7 17 399 19
18 6 519 19
0 2 465 17
9 3 1187 5
15 13 19 13
6 11 276 3
4 7 891 16
9 13 1117 10
1 0 1220 9
15 15 554 0
18 16 861 12
12 16 1145 11
6 7 644 3
6 1 395 0
0 14 1035 0
8 15 699 6
10 15 678 19
8 1 253 18
9 19 218 15
11 0 1156 11
6 3 162 6
5 16 724 1
14 1 294 11
18 2 424 19
7 5 799 5
13 1 53 10
4 18 264 10
8 11 1033 18
16 8 563 2
5 15 884 1
19 9 1108 15
10 1 345 1
3 18 220 1
17 7 1189 0
8 1 479 9
5 8 647 15
3 14 994 0
15 18 322 6
2 12 1269 18
5 10 270 15
6 11 322 12
2 16 1278 16
11 5 1015 5
19 5 526 11
16 10 499 6
7 12 831 9
3 6 141 15
11 16 1030 6
17 19 1055 11
10 6 916 5
3 9 924 8
17 9 288 10
5 16 374 10
8 10 762 9
15 17 1008 2
7 2 457 17
14 19 1141 9
2 9 222 16
19 5 1150 4
17 11 1011 19
0 10 1271 15
16 13 776 4
13 12 150 7
3 18 632 14
3 10 294 2
18 19 548 16
0 6 873 8
13 9 235 7
16 11 1238 13
1 15 1296 19
1 4 631 3
17 2 763 2
8 4 620 2
13 15 32 3
13 12 1209 0
10 5 665 10
6 4 855 8
12 17 439 13
11 15 452 17
6 11 41 16
7 14 957 9
16 8 167 18
2 13 327 16
