8 200
//4
80 1 145 8
10 0 131 8
2 6 195 3
23 8 59 2
89 0 115 0
22 0 47 8
56 6 81 3
61 2 98 3
31 8 190 0
17 6 49 3
47 3 84 2
84 4 125 1
45 3 87 7
58 8 98 0
97 2 135 7
39 7 98 0
34 1 72 8
30 8 148 0
99 1 135 5
98 5 138 0
29 2 72 0
54 5 130 4
49 8 153 6
113 5 145 1
168 4 174 2
6 8 179 2
38 5 80 6
54 4 87 1
4 8 31 0
19 0 44 4
94 6 136 0
5 3 36 5
123 7 146 5
93 1 135 5
35 0 66 7
141 2 169 4
142 1 161 8
79 0 105 8
2 6 32 1
69 6 91 4
103 6 133 4
76 1 107 8
67 0 93 7
145 6 179 7
99 6 134 2
81 7 110 0
7 7 188 1
80 0 110 6
67 8 90 4
102 6 134 8
78 5 106 7
17 3 115 6
75 6 111 8
152 3 181 7
121 7 160 6
54 8 73 1
45 3 85 5
62 8 91 4
144 0 177 8
79 8 99 0
99 3 119 4
77 1 114 0
70 7 176 0
41 7 65 0
98 4 129 3
41 0 74 8
134 7 171 1
22 3 36 8
136 6 155 4
157 2 195 7
124 5 147 6
60 0 91 2
142 7 174 4
44 3 77 6
160 0 186 8
21 0 62 5
155 0 198 8
1 0 198 7
158 5 185 7
135 8 173 1
16 7 38 1
43 7 67 1
23 5 42 5
25 0 136 6
111 3 143 7
84 0 110 0
72 2 104 8
101 3 129 1
119 0 152 4
102 5 178 2
88 0 106 7
152 1 191 2
117 2 144 8
103 6 123 6
74 0 101 4
182 5 197 1
9 1 47 3
71 1 105 8
52 8 172 0
35 2 69 6
55 1 77 3
22 8 132 2
173 0 198 3
132 1 158 0
152 0 153 4
163 8 198 0
54 0 78 7
162 8 198 4
48 7 71 5
135 6 159 2
94 4 125 8
157 5 198 0
90 6 138 0
2 6 174 0
8 4 58 5
50 7 85 8
104 0 127 6
60 8 91 1
48 0 69 4
52 0 52 1
9 2 141 4
162 3 197 4
176 4 189 4
22 4 50 6
119 0 151 4
15 8 23 7
117 1 141 5
80 5 104 3
45 8 150 6
37 8 41 4
5 4 34 7
50 8 78 0
75 5 102 4
33 2 69 8
75 0 110 8
179 7 196 0
118 0 130 8
65 2 115 4
51 0 74 2
53 6 168 8
65 8 73 8
148 1 189 7
36 4 51 2
14 1 28 5
51 4 187 6
6 5 46 6
50 0 73 8
145 0 173 2
102 8 133 3
1 8 191 1
104 1 136 8
110 1 129 7
27 0 74 1
150 1 179 8
124 5 160 7
6 3 32 1
128 8 162 4
148 0 189 4
113 8 149 6
77 8 117 4
21 6 52 2
1 6 28 8
114 6 159 0
71 7 108 4
10 1 152 3
12 6 38 0
85 4 119 0
16 5 48 6
151 6 181 2
51 2 171 4
128 5 150 0
133 7 168 4
135 0 185 4
131 1 156 1
163 8 185 3
66 8 106 1
162 4 193 3
109 5 153 1
23 7 59 0
73 4 165 7
92 7 118 0
96 7 133 1
112 6 151 2
5 6 31 0
8 0 36 6
73 4 107 8
42 5 72 2
3 0 146 7
101 0 113 2
162 5 192 6
81 1 159 0
111 0 137 0
67 5 174 3
143 3 185 0
59 8 81 6
81 2 104 7
106 1 133 8
27 1 157 6
15 1 50 3
75 0 101 8
50 1 65 4
117 7 162 6
111 7 113 0
146 0 180 8
121 5 151 6
36 2 72 7
57 2 97 8
6 8 29 0
12 5 49 1
56 2 94 7
3 8 50 0
169 4 195 4
111 4 164 2
78 5 110 1
110 8 144 7
0 1 20 3
108 6 148 0
44 8 79 1
133 6 167 0
94 3 178 6
4 6 29 4
34 0 54 7
92 1 121 7
71 0 111 8
129 2 142 7
35 7 83 3
86 6 121 8
44 1 72 0
22 1 142 3
148 8 188 2
104 8 143 1
150 7 182 0
145 6 179 2
24 4 49 1
99 2 123 4
24 2 60 8
134 3 167 8
6 6 51 8
38 4 75 1
152 7 188 6
96 8 125 0
22 8 37 1
2 6 41 3
120 0 150 8
41 6 62 4
95 0 136 8
31 0 182 8
185 2 194 4
3 5 42 0
119 5 138 0
162 2 162 4
43 0 194 8
50 6 71 2
36 4 93 8
162 2 170 1
138 2 159 6
0 8 186 5
106 8 163 3
126 1 196 7
67 2 93 6
78 8 135 1
68 1 104 4
17 0 49 6
50 8 78 0
69 7 96 0
5 7 175 4
83 3 119 4
18 6 54 5
99 8 116 2
94 1 124 4
138 5 166 7
4 8 34 2
77 7 130 2
63 3 75 4
58 6 111 1
83 5 107 0
65 8 92 4
109 0 153 6
12 8 48 5
23 8 59 6
109 2 141 5
4 7 128 1
167 4 185 7
103 8 135 2
83 5 107 5
118 6 148 1
80 0 97 6
85 5 103 8
0 7 43 3
126 0 162 4
148 4 185 1
8 1 195 8
67 8 180 2
66 6 108 7
151 5 180 4
68 5 95 1
15 7 64 1
91 0 124 8
75 5 105 6
159 4 195 1
49 0 129 8
118 3 139 4
133 7 164 0
138 1 168 7
45 0 73 8
3 0 46 8
30 3 66 4
11 7 197 1
110 8 146 2
152 0 179 8
50 6 77 2
147 7 182 3
14 8 41 4
30 1 171 6
153 7 166 0
73 3 118 5
99 0 117 1
99 5 138 0
159 8 185 0
117 0 146 7
74 8 110 0
138 8 174 0
16 1 82 7
67 0 101 4
71 0 110 5
37 3 189 0
140 8 187 1
141 0 162 8
5 8 94 0
94 3 146 8
39 0 71 6
18 8 54 0
177 5 189 5
12 2 196 8
159 0 176 7
108 7 129 8
59 6 90 0
100 8 137 0
9 2 48 5
60 0 92 6
161 0 184 7
55 3 95 5
112 7 152 1
142 4 191 1
22 1 34 0
79 1 115 7
149 7 177 1
76 0 110 8
26 8 62 0
140 7 168 0
67 8 103 0
31 8 188 0
7 5 162 0
149 8 177 2
76 3 102 8
44 6 83 2
140 7 156 8
7 5 45 4
55 1 93 5
9 8 45 1
135 2 161 5
71 7 196 0
43 5 120 1
63 0 161 7
41 8 68 0
149 4 172 7
1 0 190 7
64 3 100 7
78 5 122 3
17 7 68 1
41 8 194 0
107 4 149 3
25 4 62 2
86 4 111 1
136 0 167 8
91 8 128 0
53 2 130 3
47 4 78 7
80 7 134 1
105 4 134 0
164 4 182 7
131 0 158 8
11 8 44 0
13 7 147 0
159 7 185 6
108 8 144 4
59 2 88 8
1 7 196 4
31 8 182 0
177 6 195 0
31 4 61 7
15 7 122 5
96 0 126 8
94 5 132 8
12 0 175 6
17 6 55 2
151 7 168 2
78 6 112 7
165 7 184 1
160 4 197 0
93 0 128 8
7 7 44 2
16 2 198 5
73 2 196 4
44 1 74 3
16 2 70 7
10 2 56 8
133 0 164 7
127 5 136 2
104 6 130 0
133 0 191 7
154 8 183 1
53 0 145 6
56 0 77 2
28 6 46 1
4 8 25 0
132 8 162 6
48 1 94 4
124 2 164 4
73 6 91 0
170 7 192 4
150 7 181 3
5 2 29 7
16 0 49 8
121 2 139 8
136 6 159 3
47 3 77 0
118 0 150 8
109 4 140 7
65 0 96 7
21 2 51 7
10 7 42 4
99 0 139 5
41 2 103 7
47 6 84 0
110 8 151 1
7 2 25 5
16 2 47 1
4 7 18 1
163 4 198 5
133 1 159 8
168 4 197 0
58 0 92 8
128 2 157 6
75 3 103 0
31 6 134 2
48 6 92 1
22 6 47 3
104 8 122 0
144 6 169 1
2 8 37 1
89 1 155 8
112 0 147 8
34 1 190 4
64 2 103 1
112 8 147 6
24 8 55 1
79 0 117 7
33 0 56 7
35 7 38 7
86 6 104 0
54 8 79 8
142 0 153 8
117 6 147 1
142 0 175 8
102 3 127 8
75 0 96 5
31 4 71 7
11 0 158 8
146 5 178 1
86 6 173 0
2 0 156 8
57 1 115 5
121 4 149 6
167 6 197 1
11 3 107 5
117 3 154 7
106 7 132 4
76 7 98 0
60 3 95 7
123 1 155 5
80 2 140 3
155 4 197 5
97 6 126 4
0 4 198 7
0 0 194 7
27 5 72 0
86 8 107 7
80 8 103 1
128 1 179 8
32 5 49 1
100 4 145 2
169 2 197 3
68 8 188 2
29 7 58 0
29 6 55 4
118 5 148 7
116 3 145 4
4 4 108 0
108 4 180 8
114 3 152 4
72 6 109 3
152 7 194 8
127 5 167 1
20 3 57 4
61 0 83 7
113 7 154 5
13 7 167 4
113 7 147 0
5 7 195 0
107 2 139 7
9 3 162 0
33 2 67 1
65 1 89 7
90 7 127 8
7 1 179 4
95 7 132 1
12 0 170 3
107 8 150 0
42 5 70 2
102 7 135 5
68 8 107 1
80 1 99 4
14 2 46 7
111 3 128 5
0 8 171 2
58 7 192 0
8 4 42 7
44 4 168 2
162 0 183 4
107 0 128 2
119 6 168 0
98 0 144 8
3 0 40 7
74 2 78 8
165 0 195 7
146 5 174 1
6 1 196 8
7 7 112 3
28 7 66 0
5 0 168 6
4 6 42 3
106 2 132 7
166 6 190 0
60 8 100 4
134 0 182 8
63 0 104 7
107 3 135 6
128 1 150 0
28 5 57 7
14 2 128 8
143 6 177 4
33 7 162 5
105 0 145 8
25 2 172 5
152 6 178 2
5 7 40 2
56 2 80 7
63 4 138 0
1 7 89 2
104 0 140 1
71 2 93 7
140 0 194 1
30 0 64 6
53 5 82 2
83 7 109 0
9 7 174 4
157 0 182 7
19 8 46 2
53 6 183 4
35 6 153 0
97 5 155 1
26 3 48 7
129 4 167 1
32 7 110 0
8 2 43 1
65 5 78 2
93 3 135 2
74 1 119 6
38 8 193 5
101 4 155 6
157 4 178 5
92 1 119 8
95 0 130 7
140 7 176 3
79 0 118 5
101 2 132 6
136 0 164 8
67 7 106 5
55 8 164 6
93 7 116 2
37 7 177 0
128 1 167 5
163 7 189 0
59 7 194 0
24 8 190 2
156 8 178 1
68 7 110 3
14 0 191 6
70 7 97 8
40 2 68 0
65 1 107 8
127 0 150 6
42 7 68 5
109 3 148 0
111 4 194 0
144 1 170 4
29 1 129 8
70 6 102 5
92 7 114 0
128 4 149 8
158 7 183 3
136 5 176 6
34 3 53 7
63 1 107 7
57 5 85 5
161 0 192 3
118 5 141 5
10 0 44 3
23 1 194 7
21 5 167 2
0 0 88 5
26 0 54 8
123 2 154 5
97 7 188 2
41 0 69 8
192 4 196 1
55 3 85 2
61 4 80 0
153 7 186 1
60 3 101 6
94 7 126 8
184 3 195 3
94 8 144 0
0 7 198 4
52 0 86 2
19 4 97 0
141 6 184 0
70 0 122 7
49 4 83 0
115 4 139 6
111 7 152 6
168 1 192 2
36 3 66 0
186 2 195 6
137 7 168 0
5 1 82 0
2 0 41 8
108 0 144 7
121 7 157 3
148 0 190 7
66 0 96 2
91 2 116 8
17 1 153 3
137 0 163 7
39 1 56 7
193 7 196 1
19 2 61 6
49 0 113 6
34 0 56 7
89 0 174 7
145 7 148 4
155 8 177 1
64 0 100 8
88 0 161 8
16 0 189 6
140 0 164 2
73 5 108 3
62 1 84 8
2 5 198 8
6 2 191 8
68 3 117 6
112 7 146 5
38 1 167 6
99 4 131 2
111 3 144 2
56 0 100 7
25 6 147 0
11 2 103 5
38 8 66 0
12 6 143 1
80 8 119 1
77 4 109 5
40 5 77 7
143 5 157 0
89 0 123 8
150 2 172 8
30 4 64 5
150 3 166 0
117 6 155 2
118 7 147 5
20 4 40 1
74 2 94 0
34 2 192 5
39 3 67 6
97 1 127 8
148 7 165 1
24 8 177 3
97 3 126 1
41 6 65 8
68 1 102 8
8 1 172 4
40 7 84 0
56 8 86 1
48 3 92 5
41 1 86 5
22 0 54 8
35 7 62 0
65 3 98 2
6 5 186 2
1 0 160 8
32 8 56 0
155 2 188 5
25 3 48 5
100 6 135 1
124 6 156 8
20 8 48 0
110 4 147 3
16 6 160 1
128 6 149 4
151 1 187 5
48 2 70 7
11 7 128 1
125 2 138 7
101 4 130 5
125 7 166 0
44 6 99 3
64 7 103 3
72 2 102 3
75 8 121 4
90 8 133 1
132 8 149 0
150 7 169 7
48 8 81 5
75 1 159 4
34 1 151 5
58 0 178 8
6 1 142 6
115 2 161 0
84 7 110 0
9 0 176 6
47 2 82 5
87 3 112 0
30 3 82 2
35 3 188 0
14 8 41 7
20 3 62 0
133 2 172 3
28 7 59 1
90 7 114 4
76 4 102 2
11 0 42 4
6 8 49 7
123 6 175 8
55 6 79 2
1 2 29 7
114 6 155 0
95 4 120 4
136 4 165 2
85 7 134 4
60 1 79 8
46 3 117 8
89 8 117 5
89 6 125 2
112 1 153 5
61 8 83 0
23 8 55 0
149 7 172 0
79 8 122 2
172 4 189 1
74 4 98 2
8 4 178 7
155 3 190 0
27 8 62 2
19 8 44 2
107 1 139 3
8 8 32 0
135 7 180 0
32 6 57 1
130 6 171 0
102 0 145 8
121 8 165 0
7 0 136 7
153 1 189 7
78 7 94 2
20 8 180 0
25 0 47 2
40 4 75 6
77 0 112 3
44 0 78 5
157 7 197 1
126 5 170 2
59 4 85 8
113 4 148 7
81 1 105 0
30 2 61 8
73 5 109 8
116 1 127 2
175 0 197 7
67 0 101 8
148 1 155 8
65 6 81 7
66 6 85 0
94 4 107 1
8 8 169 0
15 2 45 3
103 5 141 0
85 0 119 8
54 7 86 4
1 3 197 0
15 7 47 1
78 6 108 0
45 5 66 0
100 4 129 6
25 2 79 1
56 5 87 8
5 2 24 3
66 2 100 5
108 4 139 0
112 7 139 1
2 1 159 4
71 1 97 3
49 2 105 5
128 3 165 8
131 0 187 8
58 7 83 8
95 5 125 8
42 4 95 1
142 6 189 8
73 0 124 6
6 1 31 4
141 0 180 3
68 6 86 8
94 3 111 8
90 8 113 0
90 8 122 4
143 2 156 6
15 8 37 3
15 7 41 1
168 8 194 7
50 6 195 1
118 8 167 1
148 8 162 0
74 1 116 8
70 8 97 0
10 0 41 4
54 4 89 2
18 5 182 8
107 3 145 0
7 4 165 7
89 8 115 3
149 3 169 8
4 5 42 4
75 0 99 4
11 8 58 0
142 3 168 5
29 7 66 0
117 0 156 6
55 7 190 0
8 8 47 4
160 7 182 2
26 3 118 0
67 2 125 3
159 8 183 5
140 2 165 1
62 8 98 3
117 6 147 4
74 8 104 6
140 1 165 8
12 1 43 3
20 8 50 2
124 1 154 7
17 6 55 0
74 1 111 8
2 1 151 6
21 8 59 0
76 8 173 0
122 3 147 4
71 6 106 0
50 6 76 8
2 2 165 8
152 8 180 2
85 4 127 8
119 5 157 4
101 7 121 0
113 3 133 1
108 3 134 2
134 1 156 7
23 8 41 2
88 6 154 4
4 5 169 8
90 8 117 7
48 4 89 0
10 8 181 5
28 7 52 5
109 1 145 8
112 1 147 6
173 0 183 6
15 4 34 7
140 7 184 2
148 6 179 5
40 0 66 8
109 7 151 0
160 6 192 0
22 3 56 5
7 7 13 8
56 2 84 3
3 5 197 2
38 4 65 1
126 1 155 2
92 6 124 5
31 2 69 8
125 2 170 7
152 2 181 4
110 8 139 0
96 1 171 2
43 2 157 0
114 7 144 0
44 2 83 6
13 8 42 2
10 2 12 5
84 7 124 1
46 1 68 7
113 4 137 5
146 4 178 6
40 0 72 8
86 7 193 1
61 7 101 1
89 0 115 8
156 8 187 6
125 2 160 3
3 8 151 0
76 4 110 5
61 1 95 5
72 5 95 8
146 3 183 4
45 3 92 2
24 4 50 2
51 7 88 3
93 6 123 5
48 7 95 5
41 1 71 8
101 0 128 7
63 1 170 3
46 0 66 8
10 8 34 0
7 1 39 8
122 8 145 3
147 0 176 4
63 4 187 2
147 6 172 8
19 5 73 7
33 5 66 0
146 7 170 5
59 1 82 7
62 7 100 0
59 0 99 6
3 0 54 6
20 7 59 3
49 8 95 0
147 6 173 0
94 0 100 7
161 0 177 4
101 6 127 0
26 3 59 8
106 3 137 8
2 8 27 0
6 0 38 4
105 0 187 7
155 6 189 0
26 8 145 0
4 0 54 8
90 8 146 0
16 1 29 2
68 8 108 0
108 4 132 2
56 1 89 4
49 6 137 0
135 5 175 7
43 0 69 5
41 7 126 0
98 2 128 7
131 3 168 0
8 1 40 3
63 0 112 8
4 4 38 3
87 0 116 8
43 2 70 5
25 4 59 0
146 6 170 0
34 4 107 0
133 1 153 5
88 1 114 3
104 8 134 0
59 2 101 7
77 0 123 1
91 1 124 3
75 7 105 0
161 6 183 1
70 0 187 8
