8 200
//4
0 0 194 7
0 0 88 5
0 1 20 3
0 4 198 7
0 7 198 4
0 7 43 3
0 8 171 2
0 8 186 5
1 0 160 8
1 0 190 7
1 0 198 7
1 2 29 7
1 3 197 0
1 6 28 8
1 7 196 4
1 7 89 2
1 8 191 1
2 0 156 8
2 0 41 8
2 1 151 6
2 1 159 4
2 2 165 8
2 5 198 8
2 6 174 0
2 6 195 3
2 6 32 1
2 6 41 3
2 8 27 0
2 8 37 1
3 0 146 7
3 0 40 7
3 0 46 8
3 0 54 6
3 5 197 2
3 5 42 0
3 8 151 0
3 8 50 0
4 0 54 8
4 4 108 0
4 4 38 3
4 5 169 8
4 5 42 4
4 6 29 4
4 6 42 3
4 7 128 1
4 7 18 1
4 8 25 0
4 8 31 0
4 8 34 2
5 0 168 6
5 1 82 0
5 2 24 3
5 2 29 7
5 3 36 5
5 4 34 7
5 6 31 0
5 7 175 4
5 7 195 0
5 7 40 2
5 8 94 0
6 0 38 4
6 1 142 6
6 1 196 8
6 1 31 4
6 2 191 8
6 3 32 1
6 5 186 2
6 5 46 6
6 6 51 8
6 8 179 2
6 8 29 0
6 8 49 7
7 0 136 7
7 1 179 4
7 1 39 8
7 2 25 5
7 4 165 7
7 5 162 0
7 5 45 4
7 7 112 3
7 7 13 8
7 7 188 1
7 7 44 2
8 0 36 6
8 1 172 4
8 1 195 8
8 1 40 3
8 2 43 1
8 4 178 7
8 4 42 7
8 4 58 5
8 8 169 0
8 8 32 0
8 8 47 4
9 0 176 6
9 1 47 3
9 2 141 4
9 2 48 5
9 3 162 0
9 7 174 4
9 8 45 1
10 0 131 8
10 0 41 4
10 0 44 3
10 1 152 3
10 2 12 5
10 2 56 8
10 7 42 4
10 8 181 5
10 8 34 0
11 0 158 8
11 0 42 4
11 2 103 5
11 3 107 5
11 7 128 1
11 7 197 1
11 8 44 0
11 8 58 0
12 0 170 3
12 0 175 6
12 1 43 3
12 2 196 8
12 5 49 1
12 6 143 1
12 6 38 0
12 8 48 5
13 7 147 0
13 7 167 4
13 8 42 2
14 0 191 6
14 1 28 5
14 2 128 8
14 2 46 7
14 8 41 4
14 8 41 7
15 1 50 3
15 2 45 3
15 4 34 7
15 7 122 5
15 7 41 1
15 7 47 1
15 7 64 1
15 8 23 7
15 8 37 3
16 0 189 6
16 0 49 8
16 1 29 2
16 1 82 7
16 2 198 5
16 2 47 1
16 2 70 7
16 5 48 6
16 6 160 1
16 7 38 1
17 0 49 6
17 1 153 3
17 3 115 6
17 6 49 3
17 6 55 0
17 6 55 2
17 7 68 1
18 5 182 8
18 6 54 5
18 8 54 0
19 0 44 4
19 2 61 6
19 4 97 0
19 5 73 7
19 8 44 2
19 8 46 2
20 3 57 4
20 3 62 0
20 4 40 1
20 7 59 3
20 8 180 0
20 8 48 0
20 8 50 2
21 0 62 5
21 2 51 7
21 5 167 2
21 6 52 2
21 8 59 0
22 0 47 8
22 0 54 8
22 1 142 3
22 1 34 0
22 3 36 8
22 3 56 5
22 4 50 6
22 6 47 3
22 8 132 2
22 8 37 1
23 1 194 7
23 5 42 5
23 7 59 0
23 8 41 2
23 8 55 0
23 8 59 2
23 8 59 6
24 2 60 8
24 4 49 1
24 4 50 2
24 8 177 3
24 8 190 2
24 8 55 1
25 0 136 6
25 0 47 2
25 2 172 5
25 2 79 1
25 3 48 5
25 4 59 0
25 4 62 2
25 6 147 0
26 0 54 8
26 3 118 0
26 3 48 7
26 3 59 8
26 8 145 0
26 8 62 0
27 0 74 1
27 1 157 6
27 5 72 0
27 8 62 2
28 5 57 7
28 6 46 1
28 7 52 5
28 7 59 1
28 7 66 0
29 1 129 8
29 2 72 0
29 6 55 4
29 7 58 0
29 7 66 0
30 0 64 6
30 1 171 6
30 2 61 8
30 3 66 4
30 3 82 2
30 4 64 5
30 8 148 0
31 0 182 8
31 2 69 8
31 4 61 7
31 4 71 7
31 6 134 2
31 8 182 0
31 8 188 0
31 8 190 0
32 5 49 1
32 6 57 1
32 7 110 0
32 8 56 0
33 0 56 7
33 2 67 1
33 2 69 8
33 5 66 0
33 7 162 5
34 0 54 7
34 0 56 7
34 1 151 5
34 1 190 4
34 1 72 8
34 2 192 5
34 3 53 7
34 4 107 0
35 0 66 7
35 2 69 6
35 3 188 0
35 6 153 0
35 7 38 7
35 7 62 0
35 7 83 3
36 2 72 7
36 3 66 0
36 4 51 2
36 4 93 8
37 3 189 0
37 7 177 0
37 8 41 4
38 1 167 6
38 4 65 1
38 4 75 1
38 5 80 6
38 8 193 5
38 8 66 0
39 0 71 6
39 1 56 7
39 3 67 6
39 7 98 0
40 0 66 8
40 0 72 8
40 2 68 0
40 4 75 6
40 5 77 7
40 7 84 0
41 0 69 8
41 0 74 8
41 1 71 8
41 1 86 5
41 2 103 7
41 6 62 4
41 6 65 8
41 7 126 0
41 7 65 0
41 8 194 0
41 8 68 0
42 4 95 1
42 5 70 2
42 5 72 2
42 7 68 5
43 0 194 8
43 0 69 5
43 2 157 0
43 2 70 5
43 5 120 1
43 7 67 1
44 0 78 5
44 1 72 0
44 1 74 3
44 2 83 6
44 3 77 6
44 4 168 2
44 6 83 2
44 6 99 3
44 8 79 1
45 0 73 8
45 3 85 5
45 3 87 7
45 3 92 2
45 5 66 0
45 8 150 6
46 0 66 8
46 1 68 7
46 3 117 8
47 2 82 5
47 3 77 0
47 3 84 2
47 4 78 7
47 6 84 0
48 0 69 4
48 1 94 4
48 2 70 7
48 3 92 5
48 4 89 0
48 6 92 1
48 7 71 5
48 7 95 5
48 8 81 5
49 0 113 6
49 0 129 8
49 2 105 5
49 4 83 0
49 6 137 0
49 8 153 6
49 8 95 0
50 0 73 8
50 1 65 4
50 6 195 1
50 6 71 2
50 6 76 8
50 6 77 2
50 7 85 8
50 8 78 0
50 8 78 0
51 0 74 2
51 2 171 4
51 4 187 6
51 7 88 3
52 0 52 1
52 0 86 2
52 8 172 0
53 0 145 6
53 2 130 3
53 5 82 2
53 6 168 8
53 6 183 4
54 0 78 7
54 4 87 1
54 4 89 2
54 5 130 4
54 7 86 4
54 8 73 1
54 8 79 8
55 1 77 3
55 1 93 5
55 3 85 2
55 3 95 5
55 6 79 2
55 7 190 0
55 8 164 6
56 0 100 7
56 0 77 2
56 1 89 4
56 2 80 7
56 2 84 3
56 2 94 7
56 5 87 8
56 6 81 3
56 8 86 1
57 1 115 5
57 2 97 8
57 5 85 5
58 0 178 8
58 0 92 8
58 6 111 1
58 7 192 0
58 7 83 8
58 8 98 0
59 0 99 6
59 1 82 7
59 2 101 7
59 2 88 8
59 4 85 8
59 6 90 0
59 7 194 0
59 8 81 6
60 0 91 2
60 0 92 6
60 1 79 8
60 3 101 6
60 3 95 7
60 8 100 4
60 8 91 1
61 0 83 7
61 1 95 5
61 2 98 3
61 4 80 0
61 7 101 1
61 8 83 0
62 1 84 8
62 7 100 0
62 8 91 4
62 8 98 3
63 0 104 7
63 0 112 8
63 0 161 7
63 1 107 7
63 1 170 3
63 3 75 4
63 4 138 0
63 4 187 2
64 0 100 8
64 2 103 1
64 3 100 7
64 7 103 3
65 0 96 7
65 1 107 8
65 1 89 7
65 2 115 4
65 3 98 2
65 5 78 2
65 6 81 7
65 8 73 8
65 8 92 4
66 0 96 2
66 2 100 5
66 6 108 7
66 6 85 0
66 8 106 1
67 0 101 4
67 0 101 8
67 0 93 7
67 2 125 3
67 2 93 6
67 5 174 3
67 7 106 5
67 8 103 0
67 8 180 2
67 8 90 4
68 1 102 8
68 1 104 4
68 3 117 6
68 5 95 1
68 6 86 8
68 7 110 3
68 8 107 1
68 8 108 0
68 8 188 2
69 6 91 4
69 7 96 0
70 0 122 7
70 0 187 8
70 6 102 5
70 7 176 0
70 7 97 8
70 8 97 0
71 0 110 5
71 0 111 8
71 1 105 8
71 1 97 3
71 2 93 7
71 6 106 0
71 7 108 4
71 7 196 0
72 2 102 3
72 2 104 8
72 5 95 8
72 6 109 3
73 0 124 6
73 2 196 4
73 3 118 5
73 4 107 8
73 4 165 7
73 5 108 3
73 5 109 8
73 6 91 0
74 0 101 4
74 1 111 8
74 1 116 8
74 1 119 6
74 2 78 8
74 2 94 0
74 4 98 2
74 8 104 6
74 8 110 0
75 0 101 8
75 0 110 8
75 0 96 5
75 0 99 4
75 1 159 4
75 3 103 0
75 5 102 4
75 5 105 6
75 6 111 8
75 7 105 0
75 8 121 4
76 0 110 8
76 1 107 8
76 3 102 8
76 4 102 2
76 4 110 5
76 7 98 0
76 8 173 0
77 0 112 3
77 0 123 1
77 1 114 0
77 4 109 5
77 7 130 2
77 8 117 4
78 5 106 7
78 5 110 1
78 5 122 3
78 6 108 0
78 6 112 7
78 7 94 2
78 8 135 1
79 0 105 8
79 0 117 7
79 0 118 5
79 1 115 7
79 8 122 2
79 8 99 0
80 0 110 6
80 0 97 6
80 1 145 8
80 1 99 4
80 2 140 3
80 5 104 3
80 7 134 1
80 8 103 1
80 8 119 1
81 1 105 0
81 1 159 0
81 2 104 7
81 7 110 0
83 3 119 4
83 5 107 0
83 5 107 5
83 7 109 0
84 0 110 0
84 4 125 1
84 7 110 0
84 7 124 1
85 0 119 8
85 4 119 0
85 4 127 8
85 5 103 8
85 7 134 4
86 4 111 1
86 6 104 0
86 6 121 8
86 6 173 0
86 7 193 1
86 8 107 7
87 0 116 8
87 3 112 0
88 0 106 7
88 0 161 8
88 1 114 3
88 6 154 4
89 0 115 0
89 0 115 8
89 0 123 8
89 0 174 7
89 1 155 8
89 6 125 2
89 8 115 3
89 8 117 5
90 6 138 0
90 7 114 4
90 7 127 8
90 8 113 0
90 8 117 7
90 8 122 4
90 8 133 1
90 8 146 0
91 0 124 8
91 1 124 3
91 2 116 8
91 8 128 0
92 1 119 8
92 1 121 7
92 6 124 5
92 7 114 0
92 7 118 0
93 0 128 8
93 1 135 5
93 3 135 2
93 6 123 5
93 7 116 2
94 0 100 7
94 1 124 4
94 3 111 8
94 3 146 8
94 3 178 6
94 4 107 1
94 4 125 8
94 5 132 8
94 6 136 0
94 7 126 8
94 8 144 0
95 0 130 7
95 0 136 8
95 4 120 4
95 5 125 8
95 7 132 1
96 0 126 8
96 1 171 2
96 7 133 1
96 8 125 0
97 1 127 8
97 2 135 7
97 3 126 1
97 5 155 1
97 6 126 4
97 7 188 2
98 0 144 8
98 2 128 7
98 4 129 3
98 5 138 0
99 0 117 1
99 0 139 5
99 1 135 5
99 2 123 4
99 3 119 4
99 4 131 2
99 5 138 0
99 6 134 2
99 8 116 2
100 4 129 6
100 4 145 2
100 6 135 1
100 8 137 0
101 0 113 2
101 0 128 7
101 2 132 6
101 3 129 1
101 4 130 5
101 4 155 6
101 6 127 0
101 7 121 0
102 0 145 8
102 3 127 8
102 5 178 2
102 6 134 8
102 7 135 5
102 8 133 3
103 5 141 0
103 6 123 6
103 6 133 4
103 8 135 2
104 0 127 6
104 0 140 1
104 1 136 8
104 6 130 0
104 8 122 0
104 8 134 0
104 8 143 1
105 0 145 8
105 0 187 7
105 4 134 0
106 1 133 8
106 2 132 7
106 3 137 8
106 7 132 4
106 8 163 3
107 0 128 2
107 1 139 3
107 2 139 7
107 3 135 6
107 3 145 0
107 4 149 3
107 8 150 0
108 0 144 7
108 3 134 2
108 4 132 2
108 4 139 0
108 4 180 8
108 6 148 0
108 7 129 8
108 8 144 4
109 0 153 6
109 1 145 8
109 2 141 5
109 3 148 0
109 4 140 7
109 5 153 1
109 7 151 0
110 1 129 7
110 4 147 3
110 8 139 0
110 8 144 7
110 8 146 2
110 8 151 1
111 0 137 0
111 3 128 5
111 3 143 7
111 3 144 2
111 4 164 2
111 4 194 0
111 7 113 0
111 7 152 6
112 0 147 8
112 1 147 6
112 1 153 5
112 6 151 2
112 7 139 1
112 7 146 5
112 7 152 1
112 8 147 6
113 3 133 1
113 4 137 5
113 4 148 7
113 5 145 1
113 7 147 0
113 7 154 5
113 8 149 6
114 3 152 4
114 6 155 0
114 6 159 0
114 7 144 0
115 2 161 0
115 4 139 6
116 1 127 2
116 3 145 4
117 0 146 7
117 0 156 6
117 1 141 5
117 2 144 8
117 3 154 7
117 6 147 1
117 6 147 4
117 6 155 2
117 7 162 6
118 0 130 8
118 0 150 8
118 3 139 4
118 5 141 5
118 5 148 7
118 6 148 1
118 7 147 5
118 8 167 1
119 0 151 4
119 0 152 4
119 5 138 0
119 5 157 4
119 6 168 0
120 0 150 8
121 2 139 8
121 4 149 6
121 5 151 6
121 7 157 3
121 7 160 6
121 8 165 0
122 3 147 4
122 8 145 3
123 1 155 5
123 2 154 5
123 6 175 8
123 7 146 5
124 1 154 7
124 2 164 4
124 5 147 6
124 5 160 7
124 6 156 8
125 2 138 7
125 2 160 3
125 2 170 7
125 7 166 0
126 0 162 4
126 1 155 2
126 1 196 7
126 5 170 2
127 0 150 6
127 5 136 2
127 5 167 1
128 1 150 0
128 1 167 5
128 1 179 8
128 2 157 6
128 3 165 8
128 4 149 8
128 5 150 0
128 6 149 4
128 8 162 4
129 2 142 7
129 4 167 1
130 6 171 0
131 0 158 8
131 0 187 8
131 1 156 1
131 3 168 0
132 1 158 0
132 8 149 0
132 8 162 6
133 0 164 7
133 0 191 7
133 1 153 5
133 1 159 8
133 2 172 3
133 6 167 0
133 7 164 0
133 7 168 4
134 0 182 8
134 1 156 7
134 3 167 8
134 7 171 1
135 0 185 4
135 2 161 5
135 5 175 7
135 6 159 2
135 7 180 0
135 8 173 1
136 0 164 8
136 0 167 8
136 4 165 2
136 5 176 6
136 6 155 4
136 6 159 3
137 0 163 7
137 7 168 0
138 1 168 7
138 2 159 6
138 5 166 7
138 8 174 0
140 0 164 2
140 0 194 1
140 1 165 8
140 2 165 1
140 7 156 8
140 7 168 0
140 7 176 3
140 7 184 2
140 8 187 1
141 0 162 8
141 0 180 3
141 2 169 4
141 6 184 0
142 0 153 8
142 0 175 8
142 1 161 8
142 3 168 5
142 4 191 1
142 6 189 8
142 7 174 4
143 2 156 6
143 3 185 0
143 5 157 0
143 6 177 4
144 0 177 8
144 1 170 4
144 6 169 1
145 0 173 2
145 6 179 2
145 6 179 7
145 7 148 4
146 0 180 8
146 3 183 4
146 4 178 6
146 5 174 1
146 5 178 1
146 6 170 0
146 7 170 5
147 0 176 4
147 6 172 8
147 6 173 0
147 7 182 3
148 0 189 4
148 0 190 7
148 1 155 8
148 1 189 7
148 4 185 1
148 6 179 5
148 7 165 1
148 8 162 0
148 8 188 2
149 3 169 8
149 4 172 7
149 7 172 0
149 7 177 1
149 8 177 2
150 1 179 8
150 2 172 8
150 3 166 0
150 7 169 7
150 7 181 3
150 7 182 0
151 1 187 5
151 5 180 4
151 6 181 2
151 7 168 2
152 0 153 4
152 0 179 8
152 1 191 2
152 2 181 4
152 3 181 7
152 6 178 2
152 7 188 6
152 7 194 8
152 8 180 2
153 1 189 7
153 7 166 0
153 7 186 1
154 8 183 1
155 0 198 8
155 2 188 5
155 3 190 0
155 4 197 5
155 6 189 0
155 8 177 1
156 8 178 1
156 8 187 6
157 0 182 7
157 2 195 7
157 4 178 5
157 5 198 0
157 7 197 1
158 5 185 7
158 7 183 3
159 0 176 7
159 4 195 1
159 7 185 6
159 8 183 5
159 8 185 0
160 0 186 8
160 4 197 0
160 6 192 0
160 7 182 2
161 0 177 4
161 0 184 7
161 0 192 3
161 6 183 1
162 0 183 4
162 2 162 4
162 2 170 1
162 3 197 4
162 4 193 3
162 5 192 6
162 8 198 4
163 4 198 5
163 7 189 0
163 8 185 3
163 8 198 0
164 4 182 7
165 0 195 7
165 7 184 1
166 6 190 0
167 4 185 7
167 6 197 1
168 1 192 2
168 4 174 2
168 4 197 0
168 8 194 7
169 2 197 3
169 4 195 4
170 7 192 4
172 4 189 1
173 0 183 6
173 0 198 3
175 0 197 7
176 4 189 4
177 5 189 5
177 6 195 0
179 7 196 0
182 5 197 1
184 3 195 3
185 2 194 4
186 2 195 6
192 4 196 1
193 7 196 1
