8 200
//4
60 0 166 6
9 8 118 0
11 1 153 6
61 1 143 4
11 7 152 0
32 2 140 4
31 0 180 8
79 0 184 5
48 3 129 6
42 6 195 1
44 8 158 0
68 7 195 3
72 7 194 5
11 0 161 8
26 1 163 6
41 1 154 7
54 4 180 2
28 2 188 5
32 7 156 3
50 6 143 1
0 2 184 8
30 8 149 0
29 5 131 7
91 0 194 5
3 7 113 5
31 8 149 0
120 8 197 0
13 3 160 0
41 6 168 8
15 0 170 3
38 7 168 5
31 7 173 0
26 1 181 4
32 6 144 0
34 4 155 8
64 4 185 0
58 5 160 0
9 0 190 3
9 2 125 8
8 6 163 3
42 6 182 4
25 1 194 7
12 3 134 7
17 5 188 2
25 4 172 7
5 1 149 6
80 0 166 7
83 8 185 3
41 1 181 6
28 6 173 1
40 8 196 3
12 3 167 6
54 1 159 8
4 5 170 2
82 8 198 0
93 8 191 6
27 0 180 3
8 0 162 8
12 6 159 1
42 7 188 4
56 0 173 8
11 2 115 4
18 5 122 0
40 0 130 8
26 8 141 0
48 3 114 5
80 7 186 0
60 2 171 4
24 8 121 5
43 7 150 0
82 1 127 8
132 8 197 6
27 0 106 4
109 6 197 4
84 3 184 8
23 5 178 0
13 5 105 0
62 2 152 7
9 4 130 2
28 6 183 1
64 0 192 7
74 1 190 5
5 0 101 2
82 0 198 4
44 6 145 8
61 1 178 7
28 1 164 6
39 0 150 4
43 5 197 0
73 7 184 3
65 4 185 0
22 5 135 3
61 0 187 7
77 0 191 8
28 7 158 0
39 0 139 7
32 5 134 1
33 3 180 0
87 8 187 3
82 8 197 0
1 0 139 7
16 1 184 4
6 2 99 8
86 0 152 5
9 0 138 7
21 3 179 0
33 6 151 4
51 8 142 0
12 8 182 2
42 4 114 3
78 8 175 1
55 2 172 4
8 6 140 4
30 2 189 8
20 0 111 6
2 2 156 7
15 8 166 0
5 8 111 2
3 2 177 8
34 8 196 0
1 3 93 8
6 6 135 1
84 8 134 0
108 8 195 5
41 8 146 6
0 0 79 8
43 3 134 1
26 6 130 2
97 7 196 0
34 8 149 0
13 5 172 2
18 1 160 3
19 7 156 0
12 2 132 0
8 8 181 2
56 4 190 6
10 8 125 0
4 7 140 5
70 1 163 4
5 8 165 0
48 3 172 5
87 0 182 7
29 0 106 4
21 5 193 8
53 0 190 7
20 8 192 2
44 7 150 0
59 8 161 1
48 8 164 0
26 0 145 8
37 0 147 8
96 7 148 2
42 1 172 6
43 5 122 1
23 2 130 0
91 2 188 7
59 0 198 7
87 3 187 8
69 4 187 2
69 7 188 5
20 5 113 8
36 6 187 1
96 0 148 7
19 7 150 0
47 6 156 8
3 8 153 0
24 7 196 1
23 1 151 3
68 2 156 8
36 8 104 0
72 4 195 0
4 0 176 6
47 0 190 7
8 6 143 1
95 3 157 1
3 3 123 5
74 8 194 0
5 0 176 6
20 2 144 8
29 6 161 1
15 0 102 8
28 8 151 4
75 0 189 8
2 1 99 8
66 6 123 5
52 2 148 0
59 0 192 7
39 8 198 0
19 1 160 3
70 1 182 3
37 5 174 7
48 1 195 6
28 1 171 6
36 3 146 1
85 0 192 4
17 1 154 3
6 0 154 3
42 1 183 6
30 1 187 4
8 0 196 7
35 0 179 3
13 0 137 6
28 5 191 8
3 8 164 2
23 6 194 0
15 8 134 2
15 1 161 6
13 0 155 7
24 7 158 0
72 6 179 0
32 6 177 1
0 3 44 7
42 8 192 0
20 2 117 4
55 0 127 8
27 3 180 0
28 0 168 7
35 2 198 8
63 0 144 7
28 8 185 0
0 6 165 3
18 1 195 4
16 6 152 8
72 4 177 2
11 8 131 0
71 7 194 1
76 4 191 8
95 2 149 8
40 8 156 6
56 1 159 8
49 8 127 0
4 1 159 6
83 3 190 5
70 4 174 2
24 1 171 6
18 8 92 3
16 7 146 0
15 4 156 6
54 1 166 7
40 8 164 6
38 8 154 0
83 4 172 6
20 2 133 8
63 7 189 0
25 3 160 1
76 2 160 3
45 3 144 1
4 7 92 1
29 0 182 5
75 0 155 6
41 0 195 8
21 3 150 1
105 8 192 0
19 5 168 2
59 3 149 6
13 0 172 8
46 0 163 8
41 7 171 0
26 1 158 6
11 1 115 6
72 6 188 2
33 5 176 3
12 5 168 2
15 1 114 3
32 1 162 6
45 0 174 2
99 8 171 0
34 7 151 3
29 3 151 5
3 5 145 7
1 3 138 5
16 1 152 6
32 4 153 0
41 7 170 0
54 7 194 0
42 6 143 4
53 3 182 1
40 0 157 8
44 6 148 4
68 0 182 6
140 8 198 0
22 7 158 0
44 1 154 3
6 1 110 8
41 3 150 7
16 3 183 6
30 6 182 1
0 1 106 8
9 3 128 1
9 0 76 7
0 6 159 3
67 4 179 0
67 1 182 7
25 8 70 4
138 3 185 6
76 8 157 0
109 2 181 3
106 4 177 3
23 6 191 0
7 3 91 7
58 3 133 4
80 3 179 6
3 0 164 8
79 3 173 1
9 8 109 1
70 5 186 1
43 7 180 0
32 4 135 8
2 0 173 6
13 7 120 0
22 3 195 6
74 0 190 8
54 3 128 8
7 2 168 5
77 6 151 1
17 8 198 2
21 0 163 7
78 3 188 7
68 8 192 2
6 0 140 7
6 0 123 8
12 1 159 6
16 0 152 7
6 4 114 8
62 4 190 6
73 6 179 4
29 2 180 5
21 7 160 5
12 1 155 6
26 6 183 1
33 0 179 3
12 1 171 4
42 6 191 1
8 8 166 2
44 8 154 6
57 7 149 2
16 5 131 1
29 2 131 7
70 6 171 4
67 4 161 7
32 8 132 1
59 5 188 3
66 3 171 8
53 1 193 6
77 5 192 3
41 5 170 3
10 3 112 8
9 7 141 5
8 7 132 5
91 8 174 4
35 4 172 6
47 5 181 3
29 0 162 2
31 2 104 7
58 5 180 7
36 6 192 1
45 6 162 0
64 7 194 0
19 4 136 6
90 3 193 8
16 8 125 0
21 8 124 6
20 8 128 0
55 3 149 6
1 0 160 8
38 6 179 1
47 2 156 8
5 7 134 0
103 0 190 5
28 4 158 2
12 6 170 0
21 7 107 2
58 0 173 8
20 6 177 3
9 5 172 2
38 1 144 8
13 8 110 6
40 0 124 7
41 8 185 0
12 6 195 3
11 8 127 0
14 6 142 8
39 0 155 8
74 3 174 5
23 8 170 0
17 5 152 7
55 8 155 1
108 8 175 0
80 8 196 0
59 4 179 8
41 8 117 0
0 1 109 7
6 8 121 0
70 7 138 8
16 5 141 1
42 4 65 1
51 8 198 0
78 1 155 4
10 8 129 0
60 2 167 8
3 0 167 6
8 1 192 7
109 2 171 3
0 8 195 1
54 5 156 0
40 6 181 1
55 6 191 1
44 1 184 6
55 0 154 5
3 1 113 5
2 8 180 5
8 8 123 4
8 0 117 4
66 1 165 8
7 5 161 0
1 7 140 5
20 4 138 2
7 3 76 5
47 2 148 7
65 4 131 6
79 4 173 1
88 8 193 3
110 7 188 6
6 8 167 2
55 0 114 3
57 6 177 4
11 7 154 0
13 6 127 8
39 2 198 5
72 0 186 4
4 0 160 5
77 4 191 0
124 8 198 0
7 8 97 2
53 0 162 6
81 3 177 8
6 3 160 0
102 0 186 6
5 3 125 1
5 7 142 0
60 1 171 3
15 1 151 6
16 5 179 8
9 8 106 0
33 8 195 5
87 8 181 1
82 3 180 6
49 7 165 1
1 3 116 1
23 0 138 6
18 0 122 4
36 7 196 4
27 0 180 3
40 8 136 0
25 7 147 5
48 1 166 5
44 2 167 6
91 2 171 8
3 2 168 8
21 0 182 6
24 1 108 0
17 3 148 5
68 6 197 1
22 7 144 1
58 8 167 4
39 0 65 0
27 7 142 1
71 8 181 0
25 7 176 4
34 8 155 4
61 5 185 3
5 7 137 5
84 2 194 8
29 3 163 1
66 6 175 4
8 0 170 3
86 0 148 8
20 8 177 0
47 7 153 3
62 1 155 7
76 1 175 8
80 0 168 8
18 0 164 8
34 6 176 1
39 0 173 7
75 7 169 5
14 2 83 1
75 2 189 0
14 7 94 0
84 0 190 6
69 1 191 3
6 1 156 6
57 0 155 7
19 0 109 6
57 3 192 1
43 6 179 1
48 6 195 1
46 0 164 4
2 6 146 1
28 3 176 0
